0.00 0.197254 1
0.25 0.194692 0
0.50 0.195973 0
0.75 0.195973 0
1.00 0.194692 0
1.25 0.195973 0
1.50 0.197254 0
1.75 0.195973 0
2.00 0.197254 0
2.25 0.195973 0
2.50 0.195973 0
2.75 0.197254 0
3.00 0.194692 0
3.25 0.195973 0
3.50 0.195973 0
3.75 0.195973 0
4.00 0.195973 0
4.25 0.197254 0
4.50 0.194692 0
4.75 0.195973 0
5.00 0.195973 0
5.25 0.194692 0
5.50 0.195973 0
5.75 0.194692 0
6.00 0.195973 0
6.25 0.194692 0
6.50 0.194692 0
6.75 0.194692 0
7.00 0.195973 0
7.25 0.194692 0
7.50 0.195973 0
7.75 0.195973 0
8.00 0.194692 0
8.25 0.195973 0
8.50 0.194692 0
8.75 0.194692 0
9.00 0.194692 0
9.25 0.194692 0
9.50 0.195973 0
9.75 0.197254 0
10.00 0.195973 0
10.25 0.197254 0
10.50 0.197254 0
10.75 0.195973 0
11.00 0.197254 0
11.25 0.195973 0
11.50 0.195973 0
11.75 0.197254 0
12.00 0.195973 0
12.25 0.195973 0
12.50 0.198535 0
12.75 0.197254 0
13.00 0.197254 0
13.25 0.197254 0
13.50 0.195973 0
13.75 0.198535 0
14.00 0.195973 0
14.25 0.197254 0
14.50 0.195973 0
14.75 0.194692 0
15.00 0.194692 0
15.25 0.195973 0
15.50 0.194692 0
15.75 0.195973 0
16.00 0.197254 0
16.25 0.195973 0
16.50 0.197254 0
16.75 0.195973 0
17.00 0.195973 0
17.25 0.195973 0
17.50 0.195973 0
17.75 0.195973 0
18.00 0.197254 0
18.25 0.195973 0
18.50 0.197254 0
18.75 0.197254 0
19.00 0.195973 0
19.25 0.197254 0
19.50 0.194692 0
19.75 0.195973 0
20.00 0.195973 0
20.25 0.197254 0
20.50 0.195973 0
20.75 0.197254 0
21.00 0.197254 0
21.25 0.197254 0
21.50 0.197254 0
21.75 0.195973 0
22.00 0.197254 0
22.25 0.195973 0
22.50 0.195973 0
22.75 0.197254 0
23.00 0.197254 0
23.25 0.198535 0
23.50 0.198535 0
23.75 0.197254 0
24.00 0.199815 1
24.25 0.199815 0
24.50 0.198535 0
24.75 0.199815 0
25.00 0.197254 0
25.25 0.198535 0
25.50 0.198535 0
25.75 0.198535 0
26.00 0.198535 0
26.25 0.199815 0
26.50 0.198535 0
26.75 0.199815 0
27.00 0.198535 0
27.25 0.198535 0
27.50 0.199815 0
27.75 0.198535 0
28.00 0.198535 0
28.25 0.198535 0
28.50 0.199815 0
28.75 0.198535 0
29.00 0.199815 0
29.25 0.199815 0
29.50 0.199815 0
29.75 0.199815 0
30.00 0.198535 0
30.25 0.199815 0
30.50 0.198535 0
30.75 0.198535 0
31.00 0.198535 0
31.25 0.198535 0
31.50 0.198535 0
31.75 0.199815 0
32.00 0.198535 0
32.25 0.199815 0
32.50 0.199815 0
32.75 0.198535 0
33.00 0.199815 0
33.25 0.198535 0
33.50 0.198535 0
33.75 0.198535 0
34.00 0.198535 0
34.25 0.199815 0
34.50 0.197254 0
34.75 0.198535 0
35.00 0.198535 0
35.25 0.198535 0
35.50 0.199815 0
35.75 0.198535 0
36.00 0.199815 0
36.25 0.199815 0
36.50 0.199815 0
36.75 0.199815 0
37.00 0.199815 0
37.25 0.199815 0
37.50 0.199815 0
37.75 0.199815 0
38.00 0.199815 0
38.25 0.199815 0
38.50 0.199815 0
38.75 0.201096 0
39.00 0.199815 0
39.25 0.199815 0
39.50 0.199815 0
39.75 0.199815 0
40.00 0.199815 0
40.25 0.199815 0
40.50 0.199815 0
40.75 0.199815 0
41.00 0.199815 0
41.25 0.199815 0
41.50 0.201096 0
41.75 0.199815 0
42.00 0.199815 0
42.25 0.199815 0
42.50 0.199815 0
42.75 0.199815 0
43.00 0.199815 0
43.25 0.199815 0
43.50 0.199815 0
43.75 0.201096 0
44.00 0.199815 0
44.25 0.202377 0
44.50 0.201096 0
44.75 0.201096 0
45.00 0.201096 0
45.25 0.201096 0
45.50 0.199815 0
45.75 0.201096 0
46.00 0.199815 0
46.25 0.199815 0
46.50 0.201096 0
46.75 0.201096 0
47.00 0.202377 1
47.25 0.201096 0
47.50 0.202377 0
47.75 0.201096 0
48.00 0.202377 0
48.25 0.201096 0
48.50 0.201096 0
48.75 0.201096 0
49.00 0.201096 0
49.25 0.202377 0
49.50 0.201096 0
49.75 0.202377 0
50.00 0.202377 0
50.25 0.202377 0
50.50 0.202377 0
50.75 0.202377 0
51.00 0.201096 0
51.25 0.202377 0
51.50 0.202377 0
51.75 0.202377 0
52.00 0.202377 0
52.25 0.201096 0
52.50 0.203658 0
52.75 0.202377 0
53.00 0.202377 0
53.25 0.202377 0
53.50 0.202377 0
53.75 0.203658 0
54.00 0.202377 0
54.25 0.203658 0
54.50 0.203658 0
54.75 0.202377 0
55.00 0.203658 0
55.25 0.202377 0
55.50 0.202377 0
55.75 0.203658 0
56.00 0.202377 0
56.25 0.203658 0
56.50 0.203658 0
56.75 0.203658 0
57.00 0.203658 0
57.25 0.203658 0
57.50 0.202377 0
57.75 0.203658 0
58.00 0.202377 0
58.25 0.202377 0
58.50 0.202377 0
58.75 0.202377 0
59.00 0.202377 0
59.25 0.202377 0
59.50 0.202377 0
59.75 0.203658 0
60.00 0.203658 0
60.25 0.202377 0
60.50 0.202377 0
60.75 0.202377 0
61.00 0.202377 0
61.25 0.203658 0
61.50 0.202377 0
61.75 0.202377 0
62.00 0.203658 0
62.25 0.202377 0
62.50 0.203658 0
62.75 0.203658 0
63.00 0.202377 0
63.25 0.203658 0
63.50 0.202377 0
63.75 0.202377 0
64.00 0.202377 0
64.25 0.202377 0
64.50 0.202377 0
64.75 0.203658 0
65.00 0.202377 0
65.25 0.203658 0
65.50 0.203658 0
65.75 0.202377 0
66.00 0.203658 0
66.25 0.202377 0
66.50 0.202377 0
66.75 0.203658 0
67.00 0.203658 0
67.25 0.202377 0
67.50 0.203658 0
67.75 0.203658 0
68.00 0.203658 0
68.25 0.203658 0
68.50 0.202377 0
68.75 0.203658 0
69.00 0.202377 0
69.25 0.202377 0
69.50 0.203658 0
69.75 0.202377 0
70.00 0.202377 1
70.25 0.203658 0
70.50 0.202377 0
70.75 0.203658 0
71.00 0.203658 0
71.25 0.203658 0
71.50 0.203658 0
71.75 0.202377 0
72.00 0.202377 0
72.25 0.202377 0
72.50 0.203658 0
72.75 0.202377 0
73.00 0.203658 0
73.25 0.203658 0
73.50 0.203658 0
73.75 0.203658 0
74.00 0.203658 0
74.25 0.203658 0
74.50 0.202377 0
74.75 0.203658 0
75.00 0.204939 0
75.25 0.203658 0
75.50 0.203658 0
75.75 0.203658 0
76.00 0.203658 0
76.25 0.204939 0
76.50 0.204939 0
76.75 0.203658 0
77.00 0.204939 0
77.25 0.202377 0
77.50 0.203658 0
77.75 0.203658 0
78.00 0.203658 0
78.25 0.203658 0
78.50 0.204939 0
78.75 0.203658 0
79.00 0.204939 0
79.25 0.204939 0
79.50 0.203658 0
79.75 0.204939 0
80.00 0.203658 0
80.25 0.203658 0
80.50 0.203658 0
80.75 0.203658 0
81.00 0.203658 0
81.25 0.204939 0
81.50 0.203658 0
81.75 0.204939 0
82.00 0.204939 0
82.25 0.203658 0
82.50 0.204939 0
82.75 0.204939 0
83.00 0.203658 0
83.25 0.203658 0
83.50 0.204939 0
83.75 0.203658 0
84.00 0.204939 0
84.25 0.204939 0
84.50 0.204939 0
84.75 0.204939 0
85.00 0.203658 0
85.25 0.204939 0
85.50 0.203658 0
85.75 0.203658 0
86.00 0.204939 0
86.25 0.204939 0
86.50 0.203658 0
86.75 0.204939 0
87.00 0.204939 0
87.25 0.206220 0
87.50 0.206220 0
87.75 0.204939 0
88.00 0.206220 0
88.25 0.204939 0
88.50 0.204939 0
88.75 0.204939 0
89.00 0.204939 0
89.25 0.204939 0
89.50 0.206220 0
89.75 0.204939 0
90.00 0.206220 0
90.25 0.206220 0
90.50 0.204939 0
90.75 0.206220 0
91.00 0.204939 0
91.25 0.204939 0
91.50 0.204939 0
91.75 0.204939 0
92.00 0.204939 0
92.25 0.206220 0
92.50 0.204939 0
92.75 0.206220 0
93.00 0.206220 1
93.25 0.204939 0
93.50 0.206220 0
93.75 0.204939 0
94.00 0.204939 0
94.25 0.204939 0
94.50 0.204939 0
94.75 0.204939 0
95.00 0.206220 0
95.25 0.204939 0
95.50 0.206220 0
95.75 0.206220 0
96.00 0.206220 0
96.25 0.206220 0
96.50 0.204939 0
96.75 0.206220 0
97.00 0.204939 0
97.25 0.206220 0
97.50 0.206220 0
97.75 0.206220 0
98.00 0.206220 0
98.25 0.206220 0
98.50 0.207501 0
98.75 0.206220 0
99.00 0.207501 0
99.25 0.204939 0
99.50 0.206220 0
99.75 0.206220 0
100.00 0.206220 0
100.25 0.206220 0
100.50 0.207501 0
100.75 0.206220 0
101.00 0.206220 0
101.25 0.207501 0
101.50 0.206220 0
101.75 0.207501 0
102.00 0.206220 0
102.25 0.206220 0
102.50 0.207501 0
102.75 0.207501 0
103.00 0.206220 0
103.25 0.207501 0
103.50 0.207501 0
103.75 0.207501 0
104.00 0.207501 0
104.25 0.207501 0
104.50 0.207501 0
104.75 0.207501 0
105.00 0.207501 0
105.25 0.207501 0
105.50 0.207501 0
105.75 0.207501 0
106.00 0.208782 0
106.25 0.207501 0
106.50 0.208782 0
106.75 0.208782 0
107.00 0.207501 0
107.25 0.208782 0
107.50 0.206220 0
107.75 0.207501 0
108.00 0.207501 0
108.25 0.206220 0
108.50 0.207501 0
108.75 0.208782 0
109.00 0.207501 0
109.25 0.208782 0
109.50 0.207501 0
109.75 0.207501 0
110.00 0.208782 0
110.25 0.206220 0
110.50 0.207501 0
110.75 0.207501 0
111.00 0.207501 0
111.25 0.207501 0
111.50 0.208782 0
111.75 0.207501 0
112.00 0.208782 0
112.25 0.208782 0
112.50 0.207501 0
112.75 0.208782 0
113.00 0.207501 0
113.25 0.207501 0
113.50 0.207501 0
113.75 0.207501 0
114.00 0.207501 0
114.25 0.208782 0
114.50 0.207501 0
114.75 0.208782 0
115.00 0.208782 0
115.25 0.207501 0
115.50 0.208782 0
115.75 0.207501 0
116.00 0.208782 0
116.25 0.208782 0
116.50 0.208782 0
116.75 0.208782 0
117.00 0.208782 1
117.25 0.208782 0
117.50 0.208782 0
117.75 0.208782 0
118.00 0.208782 0
118.25 0.208782 0
118.50 0.207501 0
118.75 0.208782 0
119.00 0.208782 0
119.25 0.208782 0
119.50 0.208782 0
119.75 0.210062 0
120.00 0.208782 0
120.25 0.210062 0
120.50 0.208782 0
120.75 0.207501 0
121.00 0.210062 0
121.25 0.207501 0
121.50 0.208782 0
121.75 0.208782 0
122.00 0.207501 0
122.25 0.208782 0
122.50 0.210062 0
122.75 0.208782 0
123.00 0.210062 0
123.25 0.208782 0
123.50 0.208782 0
123.75 0.210062 0
124.00 0.207501 0
124.25 0.208782 0
124.50 0.208782 0
124.75 0.208782 0
125.00 0.208782 0
125.25 0.210062 0
125.50 0.210062 0
125.75 0.210062 0
126.00 0.210062 0
126.25 0.210062 0
126.50 0.210062 0
126.75 0.208782 0
127.00 0.208782 0
127.25 0.210062 0
127.50 0.210062 0
127.75 0.210062 0
128.00 0.210062 0
128.25 0.210062 0
128.50 0.215186 0
128.75 0.215186 0
129.00 0.213905 0
129.25 0.213905 0
129.50 0.212624 0
129.75 0.212624 0
130.00 0.213905 0
130.25 0.212624 0
130.50 0.213905 0
130.75 0.213905 0
131.00 0.213905 0
131.25 0.213905 0
131.50 0.213905 0
131.75 0.212624 0
132.00 0.212624 0
132.25 0.211343 0
132.50 0.212624 0
132.75 0.212624 0
133.00 0.213905 0
133.25 0.212624 0
133.50 0.213905 0
133.75 0.213905 0
134.00 0.213905 0
134.25 0.213905 0
134.50 0.213905 0
134.75 0.213905 0
135.00 0.212624 0
135.25 0.212624 0
135.50 0.213905 0
135.75 0.213905 0
136.00 0.213905 0
136.25 0.213905 0
136.50 0.212624 0
136.75 0.213905 0
137.00 0.215186 0
137.25 0.213905 0
137.50 0.215186 0
137.75 0.212624 0
138.00 0.213905 0
138.25 0.213905 0
138.50 0.213905 0
138.75 0.213905 0
139.00 0.215186 0
139.25 0.215186 0
139.50 0.215186 0
139.75 0.215186 0
140.00 0.215186 1
140.25 0.215186 0
140.50 0.213905 0
140.75 0.215186 0
141.00 0.215186 0
141.25 0.215186 0
141.50 0.215186 0
141.75 0.215186 0
142.00 0.215186 0
142.25 0.215186 0
142.50 0.215186 0
142.75 0.215186 0
143.00 0.215186 0
143.25 0.215186 0
143.50 0.215186 0
143.75 0.215186 0
144.00 0.215186 0
144.25 0.215186 0
144.50 0.216467 0
144.75 0.215186 0
145.00 0.216467 0
145.25 0.216467 0
145.50 0.215186 0
145.75 0.216467 0
146.00 0.215186 0
146.25 0.216467 0
146.50 0.216467 0
146.75 0.216467 0
147.00 0.216467 0
147.25 0.217748 0
147.50 0.216467 0
147.75 0.216467 0
148.00 0.217748 0
148.25 0.216467 0
148.50 0.217748 0
148.75 0.215186 0
149.00 0.216467 0
149.25 0.216467 0
149.50 0.217748 0
149.75 0.216467 0
150.00 0.217748 0
150.25 0.216467 0
150.50 0.216467 0
150.75 0.217748 0
151.00 0.216467 0
151.25 0.217748 0
151.50 0.215186 0
151.75 0.216467 0
152.00 0.217748 0
152.25 0.216467 0
152.50 0.216467 0
152.75 0.217748 0
153.00 0.216467 0
153.25 0.217748 0
153.50 0.217748 0
153.75 0.216467 0
154.00 0.217748 0
154.25 0.216467 0
154.50 0.217748 0
154.75 0.217748 0
155.00 0.216467 0
155.25 0.216467 0
155.50 0.217748 0
155.75 0.216467 0
156.00 0.216467 0
156.25 0.217748 0
156.50 0.216467 0
156.75 0.217748 0
157.00 0.215186 0
157.25 0.216467 0
157.50 0.216467 0
157.75 0.216467 0
158.00 0.216467 0
158.25 0.217748 0
158.50 0.216467 0
158.75 0.217748 0
159.00 0.217748 0
159.25 0.216467 0
159.50 0.217748 0
159.75 0.216467 0
160.00 0.216467 0
160.25 0.217748 0
160.50 0.216467 0
160.75 0.216467 0
161.00 0.217748 0
161.25 0.216467 0
161.50 0.217748 0
161.75 0.217748 0
162.00 0.216467 0
162.25 0.217748 0
162.50 0.216467 0
162.75 0.216467 0
163.00 0.217748 1
163.25 0.217748 0
163.50 0.216467 0
163.75 0.217748 0
164.00 0.217748 0
164.25 0.217748 0
164.50 0.217748 0
164.75 0.216467 0
165.00 0.217748 0
165.25 0.216467 0
165.50 0.217748 0
165.75 0.217748 0
166.00 0.217748 0
166.25 0.217748 0
166.50 0.217748 0
166.75 0.217748 0
167.00 0.217748 0
167.25 0.217748 0
167.50 0.217748 0
167.75 0.219028 0
168.00 0.217748 0
168.25 0.217748 0
168.50 0.217748 0
168.75 0.217748 0
169.00 0.217748 0
169.25 0.219028 0
169.50 0.219028 0
169.75 0.219028 0
170.00 0.219028 0
170.25 0.217748 0
170.50 0.219028 0
170.75 0.217748 0
171.00 0.219028 0
171.25 0.219028 0
171.50 0.217748 0
171.75 0.219028 0
172.00 0.220309 0
172.25 0.219028 0
172.50 0.220309 0
172.75 0.220309 0
173.00 0.219028 0
173.25 0.219028 0
173.50 0.217748 0
173.75 0.219028 0
174.00 0.219028 0
174.25 0.219028 0
174.50 0.219028 0
174.75 0.220309 0
175.00 0.219028 0
175.25 0.220309 0
175.50 0.220309 0
175.75 0.220309 0
176.00 0.220309 0
176.25 0.219028 0
176.50 0.219028 0
176.75 0.220309 0
177.00 0.220309 0
177.25 0.219028 0
177.50 0.220309 0
177.75 0.220309 0
178.00 0.220309 0
178.25 0.220309 0
178.50 0.219028 0
178.75 0.220309 0
179.00 0.219028 0
179.25 0.220309 0
179.50 0.220309 0
179.75 0.219028 0
180.00 0.220309 0
180.25 0.220309 0
180.50 0.220309 0
180.75 0.220309 0
181.00 0.220309 0
181.25 0.220309 0
181.50 0.220309 0
181.75 0.219028 0
182.00 0.220309 0
182.25 0.220309 0
182.50 0.220309 0
182.75 0.220309 0
183.00 0.220309 0
183.25 0.220309 0
183.50 0.220309 0
183.75 0.220309 0
184.00 0.220309 0
184.25 0.220309 0
184.50 0.220309 0
184.75 0.220309 0
185.00 0.220309 0
185.25 0.220309 0
185.50 0.220309 0
185.75 0.220309 0
186.00 0.220309 0
186.25 0.220309 0
186.50 0.220309 0
186.75 0.220309 0
187.00 0.220309 1
187.25 0.219028 0
187.50 0.220309 0
187.75 0.220309 0
188.00 0.220309 0
188.25 0.220309 0
188.50 0.220309 0
188.75 0.220309 0
189.00 0.220309 0
189.25 0.220309 0
189.50 0.220309 0
189.75 0.220309 0
190.00 0.219028 0
190.25 0.220309 0
190.50 0.220309 0
190.75 0.220309 0
191.00 0.220309 0
191.25 0.220309 0
191.50 0.220309 0
191.75 0.220309 0
192.00 0.221590 0
192.25 0.220309 0
192.50 0.221590 0
192.75 0.220309 0
193.00 0.220309 0
193.25 0.221590 0
193.50 0.221590 0
193.75 0.221590 0
194.00 0.221590 0
194.25 0.221590 0
194.50 0.222871 0
194.75 0.221590 0
195.00 0.221590 0
195.25 0.221590 0
195.50 0.221590 0
195.75 0.221590 0
196.00 0.221590 0
196.25 0.221590 0
196.50 0.221590 0
196.75 0.221590 0
197.00 0.221590 0
197.25 0.221590 0
197.50 0.221590 0
197.75 0.221590 0
198.00 0.221590 0
198.25 0.220309 0
198.50 0.221590 0
198.75 0.221590 0
199.00 0.221590 0
199.25 0.221590 0
199.50 0.221590 0
199.75 0.221590 0
200.00 0.221590 0
200.25 0.221590 0
200.50 0.221590 0
200.75 0.221590 0
201.00 0.220309 0
201.25 0.221590 0
201.50 0.221590 0
201.75 0.221590 0
202.00 0.221590 0
202.25 0.221590 0
202.50 0.221590 0
202.75 0.222871 0
203.00 0.222871 0
203.25 0.221590 0
203.50 0.222871 0
203.75 0.221590 0
204.00 0.221590 0
204.25 0.221590 0
204.50 0.222871 0
204.75 0.221590 0
205.00 0.222871 0
205.25 0.221590 0
205.50 0.222871 0
205.75 0.222871 0
206.00 0.221590 0
206.25 0.222871 0
206.50 0.221590 0
206.75 0.221590 0
207.00 0.222871 0
207.25 0.221590 0
207.50 0.222871 0
207.75 0.222871 0
208.00 0.222871 0
208.25 0.222871 0
208.50 0.222871 0
208.75 0.222871 0
209.00 0.222871 0
209.25 0.222871 0
209.50 0.222871 0
209.75 0.222871 0
210.00 0.222871 1
210.25 0.222871 0
210.50 0.222871 0
210.75 0.222871 0
211.00 0.222871 0
211.25 0.222871 0
211.50 0.222871 0
211.75 0.222871 0
212.00 0.222871 0
212.25 0.222871 0
212.50 0.224152 0
212.75 0.224152 0
213.00 0.224152 0
213.25 0.224152 0
213.50 0.222871 0
213.75 0.222871 0
214.00 0.222871 0
214.25 0.224152 0
214.50 0.222871 0
214.75 0.224152 0
215.00 0.224152 0
215.25 0.224152 0
215.50 0.224152 0
215.75 0.224152 0
216.00 0.222871 0
216.25 0.224152 0
216.50 0.222871 0
216.75 0.222871 0
217.00 0.224152 0
217.25 0.222871 0
217.50 0.225433 0
217.75 0.224152 0
218.00 0.224152 0
218.25 0.224152 0
218.50 0.224152 0
218.75 0.222871 0
219.00 0.224152 0
219.25 0.222871 0
219.50 0.222871 0
219.75 0.224152 0
220.00 0.222871 0
220.25 0.225433 0
220.50 0.224152 0
220.75 0.224152 0
221.00 0.224152 0
221.25 0.224152 0
221.50 0.224152 0
221.75 0.224152 0
222.00 0.224152 0
222.25 0.222871 0
222.50 0.224152 0
222.75 0.224152 0
223.00 0.225433 0
223.25 0.224152 0
223.50 0.224152 0
223.75 0.225433 0
224.00 0.224152 0
224.25 0.224152 0
224.50 0.225433 0
224.75 0.224152 0
225.00 0.224152 0
225.25 0.224152 0
225.50 0.224152 0
225.75 0.225433 0
226.00 0.225433 0
226.25 0.225433 0
226.50 0.225433 0
226.75 0.224152 0
227.00 0.224152 0
227.25 0.225433 0
227.50 0.224152 0
227.75 0.224152 0
228.00 0.225433 0
228.25 0.224152 0
228.50 0.225433 0
228.75 0.225433 0
229.00 0.224152 0
229.25 0.225433 0
229.50 0.225433 0
229.75 0.224152 0
230.00 0.225433 0
230.25 0.224152 0
230.50 0.224152 0
230.75 0.225433 0
231.00 0.224152 0
231.25 0.225433 0
231.50 0.224152 0
231.75 0.225433 0
232.00 0.225433 0
232.25 0.225433 0
232.50 0.224152 0
232.75 0.225433 0
233.00 0.225433 1
233.25 0.224152 0
233.50 0.225433 0
233.75 0.225433 0
234.00 0.226714 0
234.25 0.225433 0
234.50 0.226714 0
234.75 0.225433 0
235.00 0.225433 0
235.25 0.225433 0
235.50 0.225433 0
235.75 0.225433 0
236.00 0.225433 0
236.25 0.226714 0
236.50 0.225433 0
236.75 0.226714 0
237.00 0.226714 0
237.25 0.226714 0
237.50 0.226714 0
237.75 0.226714 0
238.00 0.225433 0
238.25 0.226714 0
238.50 0.225433 0
238.75 0.225433 0
239.00 0.226714 0
239.25 0.225433 0
239.50 0.227995 0
239.75 0.226714 0
240.00 0.227995 0
240.25 0.227995 0
240.50 0.226714 0
240.75 0.226714 0
241.00 0.227995 0
241.25 0.226714 0
241.50 0.226714 0
241.75 0.226714 0
242.00 0.226714 0
242.25 0.227995 0
242.50 0.226714 0
242.75 0.226714 0
243.00 0.226714 0
243.25 0.226714 0
243.50 0.226714 0
243.75 0.225433 0
244.00 0.225433 0
244.25 0.226714 0
244.50 0.226714 0
244.75 0.225433 0
245.00 0.227995 0
245.25 0.226714 0
245.50 0.227995 0
245.75 0.227995 0
246.00 0.227995 0
246.25 0.226714 0
246.50 0.227995 0
246.75 0.226714 0
247.00 0.226714 0
247.25 0.227995 0
247.50 0.226714 0
247.75 0.227995 0
248.00 0.227995 0
248.25 0.229275 0
248.50 0.227995 0
248.75 0.227995 0
249.00 0.226714 0
249.25 0.229275 0
249.50 0.227995 0
249.75 0.227995 0
250.00 0.229275 0
250.25 0.227995 0
250.50 0.229275 0
250.75 0.229275 0
251.00 0.229275 0
251.25 0.229275 0
251.50 0.229275 0
251.75 0.227995 0
252.00 0.229275 0
252.25 0.227995 0
252.50 0.227995 0
252.75 0.229275 0
253.00 0.227995 0
253.25 0.230556 0
253.50 0.229275 0
253.75 0.229275 0
254.00 0.229275 0
254.25 0.229275 0
254.50 0.227995 0
254.75 0.227995 0
255.00 0.227995 0
255.25 0.227995 0
255.50 0.229275 0
255.75 0.227995 0
256.00 0.230556 0
256.25 0.229275 0
256.50 0.229275 0
256.75 0.229275 0
257.00 0.229275 1
257.25 0.227995 0
257.50 0.229275 0
257.75 0.227995 0
258.00 0.229275 0
258.25 0.229275 0
258.50 0.227995 0
258.75 0.230556 0
259.00 0.229275 0
259.25 0.230556 0
259.50 0.229275 0
259.75 0.229275 0
260.00 0.229275 0
260.25 0.230556 0
260.50 0.229275 0
260.75 0.229275 0
261.00 0.229275 0
261.25 0.229275 0
261.50 0.230556 0
261.75 0.230556 0
262.00 0.230556 0
262.25 0.229275 0
262.50 0.230556 0
262.75 0.229275 0
263.00 0.230556 0
263.25 0.229275 0
263.50 0.229275 0
263.75 0.230556 0
264.00 0.229275 0
264.25 0.231837 0
264.50 0.230556 0
264.75 0.230556 0
265.00 0.230556 0
265.25 0.230556 0
265.50 0.229275 0
265.75 0.230556 0
266.00 0.229275 0
266.25 0.229275 0
266.50 0.230556 0
266.75 0.229275 0
267.00 0.230556 0
267.25 0.230556 0
267.50 0.230556 0
267.75 0.230556 0
268.00 0.230556 0
268.25 0.229275 0
268.50 0.230556 0
268.75 0.230556 0
269.00 0.229275 0
269.25 0.230556 0
269.50 0.229275 0
269.75 0.231837 0
270.00 0.230556 0
270.25 0.230556 0
270.50 0.230556 0
270.75 0.230556 0
271.00 0.230556 0
271.25 0.230556 0
271.50 0.229275 0
271.75 0.229275 0
272.00 0.230556 0
272.25 0.230556 0
272.50 0.231837 0
272.75 0.230556 0
273.00 0.231837 0
273.25 0.233118 0
273.50 0.233118 0
273.75 0.233118 0
274.00 0.233118 0
274.25 0.233118 0
274.50 0.231837 0
274.75 0.233118 0
275.00 0.231837 0
275.25 0.234399 0
275.50 0.233118 0
275.75 0.233118 0
276.00 0.233118 0
276.25 0.233118 0
276.50 0.231837 0
276.75 0.233118 0
277.00 0.231837 0
277.25 0.231837 0
277.50 0.233118 0
277.75 0.233118 0
278.00 0.234399 0
278.25 0.233118 0
278.50 0.234399 0
278.75 0.234399 0
279.00 0.234399 1
279.25 0.233118 0
279.50 0.234399 0
279.75 0.233118 0
280.00 0.233118 0
280.25 0.234399 0
280.50 0.234399 0
280.75 0.234399 0
281.00 0.234399 0
281.25 0.234399 0
281.50 0.234399 0
281.75 0.234399 0
282.00 0.234399 0
282.25 0.234399 0
282.50 0.234399 0
282.75 0.234399 0
283.00 0.234399 0
283.25 0.234399 0
283.50 0.235680 0
283.75 0.234399 0
284.00 0.234399 0
284.25 0.234399 0
284.50 0.234399 0
284.75 0.234399 0
285.00 0.234399 0
285.25 0.234399 0
285.50 0.234399 0
285.75 0.234399 0
286.00 0.234399 0
286.25 0.235680 0
286.50 0.234399 0
286.75 0.235680 0
287.00 0.234399 0
287.25 0.234399 0
287.50 0.234399 0
287.75 0.235680 0
288.00 0.234399 0
288.25 0.234399 0
288.50 0.234399 0
288.75 0.234399 0
289.00 0.235680 0
289.25 0.235680 0
289.50 0.235680 0
289.75 0.235680 0
290.00 0.235680 0
290.25 0.235680 0
290.50 0.235680 0
290.75 0.235680 0
291.00 0.235680 0
291.25 0.235680 0
291.50 0.235680 0
291.75 0.236961 0
292.00 0.235680 0
292.25 0.235680 0
292.50 0.235680 0
292.75 0.235680 0
293.00 0.235680 0
293.25 0.235680 0
293.50 0.235680 0
293.75 0.234399 0
294.00 0.235680 0
294.25 0.235680 0
294.50 0.235680 0
294.75 0.235680 0
295.00 0.235680 0
295.25 0.235680 0
295.50 0.235680 0
295.75 0.235680 0
296.00 0.235680 0
296.25 0.234399 0
296.50 0.235680 0
296.75 0.235680 0
297.00 0.235680 0
297.25 0.238242 0
297.50 0.236961 0
297.75 0.236961 0
298.00 0.236961 0
298.25 0.236961 0
298.50 0.235680 0
298.75 0.236961 0
299.00 0.235680 0
299.25 0.235680 0
299.50 0.236961 0
299.75 0.235680 0
300.00 0.236961 0
300.25 0.236961 0
300.50 0.235680 0
300.75 0.236961 0
301.00 0.236961 0
301.25 0.235680 0
301.50 0.236961 0
301.75 0.236961 0
302.00 0.235680 0
302.25 0.236961 0
302.50 0.235680 0
302.75 0.238242 0
303.00 0.236961 1
303.25 0.238242 0
303.50 0.236961 0
303.75 0.236961 0
304.00 0.236961 0
304.25 0.238242 0
304.50 0.236961 0
304.75 0.236961 0
305.00 0.236961 0
305.25 0.236961 0
305.50 0.239522 0
305.75 0.236961 0
306.00 0.238242 0
306.25 0.238242 0
306.50 0.238242 0
306.75 0.238242 0
307.00 0.238242 0
307.25 0.236961 0
307.50 0.236961 0
307.75 0.236961 0
308.00 0.236961 0
308.25 0.238242 0
308.50 0.236961 0
308.75 0.236961 0
309.00 0.238242 0
309.25 0.236961 0
309.50 0.236961 0
309.75 0.238242 0
310.00 0.236961 0
310.25 0.236961 0
310.50 0.238242 0
310.75 0.236961 0
311.00 0.239522 0
311.25 0.238242 0
311.50 0.238242 0
311.75 0.238242 0
312.00 0.238242 0
312.25 0.236961 0
312.50 0.238242 0
312.75 0.238242 0
313.00 0.238242 0
313.25 0.238242 0
313.50 0.238242 0
313.75 0.238242 0
314.00 0.238242 0
314.25 0.238242 0
314.50 0.238242 0
314.75 0.238242 0
315.00 0.238242 0
315.25 0.238242 0
315.50 0.238242 0
315.75 0.238242 0
316.00 0.238242 0
316.25 0.238242 0
316.50 0.239522 0
316.75 0.238242 0
317.00 0.239522 0
317.25 0.238242 0
317.50 0.239522 0
317.75 0.238242 0
318.00 0.239522 0
318.25 0.238242 0
318.50 0.238242 0
318.75 0.239522 0
319.00 0.238242 0
319.25 0.240803 0
319.50 0.239522 0
319.75 0.239522 0
320.00 0.239522 0
320.25 0.239522 0
320.50 0.238242 0
320.75 0.239522 0
321.00 0.238242 0
321.25 0.238242 0
321.50 0.239522 0
321.75 0.238242 0
322.00 0.240803 0
322.25 0.239522 0
322.50 0.239522 0
322.75 0.239522 0
323.00 0.239522 0
323.25 0.238242 0
323.50 0.239522 0
323.75 0.238242 0
324.00 0.238242 0
324.25 0.239522 0
324.50 0.239522 0
324.75 0.240803 0
325.00 0.239522 0
325.25 0.239522 0
325.50 0.239522 0
325.75 0.239522 0
326.00 0.238242 1
326.25 0.239522 0
326.50 0.239522 0
326.75 0.239522 0
327.00 0.239522 0
327.25 0.239522 0
327.50 0.240803 0
327.75 0.239522 0
328.00 0.240803 0
328.25 0.239522 0
328.50 0.239522 0
328.75 0.239522 0
329.00 0.240803 0
329.25 0.239522 0
329.50 0.240803 0
329.75 0.240803 0
330.00 0.240803 0
330.25 0.242084 0
330.50 0.239522 0
330.75 0.240803 0
331.00 0.240803 0
331.25 0.240803 0
331.50 0.240803 0
331.75 0.240803 0
332.00 0.240803 0
332.25 0.240803 0
332.50 0.240803 0
332.75 0.240803 0
333.00 0.242084 0
333.25 0.240803 0
333.50 0.240803 0
333.75 0.240803 0
334.00 0.240803 0
334.25 0.239522 0
334.50 0.240803 0
334.75 0.240803 0
335.00 0.240803 0
335.25 0.240803 0
335.50 0.239522 0
335.75 0.242084 0
336.00 0.240803 0
336.25 0.240803 0
336.50 0.240803 0
336.75 0.240803 0
337.00 0.240803 0
337.25 0.240803 0
337.50 0.240803 0
337.75 0.240803 0
338.00 0.240803 0
338.25 0.240803 0
338.50 0.242084 0
338.75 0.240803 0
339.00 0.240803 0
339.25 0.240803 0
339.50 0.240803 0
339.75 0.240803 0
340.00 0.240803 0
340.25 0.240803 0
340.50 0.240803 0
340.75 0.240803 0
341.00 0.240803 0
341.25 0.242084 0
341.50 0.240803 0
341.75 0.240803 0
342.00 0.240803 0
342.25 0.240803 0
342.50 0.240803 0
342.75 0.240803 0
343.00 0.240803 0
343.25 0.240803 0
343.50 0.242084 0
343.75 0.240803 0
344.00 0.242084 0
344.25 0.242084 0
344.50 0.242084 0
344.75 0.242084 0
345.00 0.242084 0
345.25 0.240803 0
345.50 0.242084 0
345.75 0.240803 0
346.00 0.242084 0
346.25 0.242084 0
346.50 0.242084 0
346.75 0.243365 0
347.00 0.242084 0
347.25 0.242084 0
347.50 0.242084 0
347.75 0.242084 0
348.00 0.242084 0
348.25 0.242084 0
348.50 0.242084 0
348.75 0.242084 0
349.00 0.242084 1
349.25 0.242084 0
349.50 0.243365 0
349.75 0.242084 0
350.00 0.243365 0
350.25 0.242084 0
350.50 0.242084 0
350.75 0.242084 0
351.00 0.243365 0
351.25 0.242084 0
351.50 0.242084 0
351.75 0.242084 0
352.00 0.242084 0
352.25 0.244646 0
352.50 0.242084 0
352.75 0.243365 0
353.00 0.243365 0
353.25 0.242084 0
353.50 0.243365 0
353.75 0.243365 0
354.00 0.243365 0
354.25 0.243365 0
354.50 0.243365 0
354.75 0.243365 0
355.00 0.244646 0
355.25 0.243365 0
355.50 0.243365 0
355.75 0.243365 0
356.00 0.243365 0
356.25 0.243365 0
356.50 0.243365 0
356.75 0.243365 0
357.00 0.242084 0
357.25 0.243365 0
357.50 0.243365 0
357.75 0.244646 0
358.00 0.243365 0
358.25 0.243365 0
358.50 0.243365 0
358.75 0.243365 0
359.00 0.242084 0
359.25 0.243365 0
359.50 0.243365 0
359.75 0.243365 0
360.00 0.243365 0
360.25 0.242084 0
360.50 0.245927 0
360.75 0.244646 0
361.00 0.244646 0
361.25 0.244646 0
361.50 0.244646 0
361.75 0.243365 0
362.00 0.244646 0
362.25 0.244646 0
362.50 0.244646 0
362.75 0.244646 0
363.00 0.244646 0
363.25 0.245927 0
363.50 0.244646 0
363.75 0.244646 0
364.00 0.244646 0
364.25 0.244646 0
364.50 0.244646 0
364.75 0.244646 0
365.00 0.244646 0
365.25 0.244646 0
365.50 0.244646 0
365.75 0.244646 0
366.00 0.245927 0
366.25 0.244646 0
366.50 0.244646 0
366.75 0.244646 0
367.00 0.244646 0
367.25 0.244646 0
367.50 0.244646 0
367.75 0.244646 0
368.00 0.244646 0
368.25 0.244646 0
368.50 0.244646 0
368.75 0.245927 0
369.00 0.244646 0
369.25 0.245927 0
369.50 0.244646 0
369.75 0.244646 0
370.00 0.244646 0
370.25 0.244646 0
370.50 0.244646 0
370.75 0.244646 0
371.00 0.244646 0
371.25 0.244646 0
371.50 0.245927 0
371.75 0.244646 0
372.00 0.245927 1
372.25 0.245927 0
372.50 0.244646 0
372.75 0.245927 0
373.00 0.245927 0
373.25 0.245927 0
373.50 0.245927 0
373.75 0.244646 0
374.00 0.245927 0
374.25 0.247208 0
374.50 0.245927 0
374.75 0.245927 0
375.00 0.245927 0
375.25 0.245927 0
375.50 0.245927 0
375.75 0.245927 0
376.00 0.245927 0
376.25 0.245927 0
376.50 0.245927 0
376.75 0.245927 0
377.00 0.247208 0
377.25 0.245927 0
377.50 0.245927 0
377.75 0.245927 0
378.00 0.245927 0
378.25 0.245927 0
378.50 0.245927 0
378.75 0.245927 0
379.00 0.245927 0
379.25 0.247208 0
379.50 0.245927 0
379.75 0.248488 0
380.00 0.247208 0
380.25 0.247208 0
380.50 0.245927 0
380.75 0.247208 0
381.00 0.245927 0
381.25 0.245927 0
381.50 0.245927 0
381.75 0.245927 0
382.00 0.247208 0
382.25 0.247208 0
382.50 0.248488 0
382.75 0.247208 0
383.00 0.247208 0
383.25 0.247208 0
383.50 0.247208 0
383.75 0.247208 0
384.00 0.247208 0
384.25 0.247208 0
384.50 0.247208 0
384.75 0.247208 0
385.00 0.247208 0
385.25 0.248488 0
385.50 0.247208 0
385.75 0.248488 0
386.00 0.247208 0
386.25 0.247208 0
386.50 0.247208 0
386.75 0.247208 0
387.00 0.247208 0
387.25 0.247208 0
387.50 0.247208 0
387.75 0.247208 0
388.00 0.249769 0
388.25 0.247208 0
388.50 0.248488 0
388.75 0.248488 0
389.00 0.248488 0
389.25 0.248488 0
389.50 0.248488 0
389.75 0.247208 0
390.00 0.248488 0
390.25 0.248488 0
390.50 0.248488 0
390.75 0.249769 0
391.00 0.248488 0
391.25 0.248488 0
391.50 0.248488 0
391.75 0.248488 0
392.00 0.248488 0
392.25 0.248488 0
392.50 0.248488 0
392.75 0.248488 0
393.00 0.248488 0
393.25 0.248488 0
393.50 0.249769 0
393.75 0.248488 0
394.00 0.249769 0
394.25 0.248488 0
394.50 0.249769 0
394.75 0.248488 0
395.00 0.248488 0
395.25 0.248488 0
395.50 0.248488 0
395.75 0.249769 0
396.00 0.248488 1
396.25 0.251050 0
396.50 0.249769 0
396.75 0.249769 0
397.00 0.249769 0
397.25 0.249769 0
397.50 0.248488 0
397.75 0.249769 0
398.00 0.249769 0
398.25 0.249769 0
398.50 0.249769 0
398.75 0.249769 0
399.00 0.251050 0
399.25 0.249769 0
399.50 0.251050 0
399.75 0.249769 0
400.00 0.249769 0
400.25 0.249769 0
400.50 0.251050 0
400.75 0.249769 0
401.00 0.249769 0
401.25 0.249769 0
401.50 0.249769 0
401.75 0.252331 0
402.00 0.249769 0
402.25 0.251050 0
402.50 0.251050 0
402.75 0.251050 0
403.00 0.251050 0
403.25 0.251050 0
403.50 0.251050 0
403.75 0.249769 0
404.00 0.251050 0
404.25 0.251050 0
404.50 0.252331 0
404.75 0.251050 0
405.00 0.251050 0
405.25 0.251050 0
405.50 0.251050 0
405.75 0.251050 0
406.00 0.251050 0
406.25 0.251050 0
406.50 0.251050 0
406.75 0.251050 0
407.00 0.251050 0
407.25 0.252331 0
407.50 0.251050 0
407.75 0.253612 0
408.00 0.251050 0
408.25 0.251050 0
408.50 0.251050 0
408.75 0.251050 0
409.00 0.251050 0
409.25 0.251050 0
409.50 0.252331 0
409.75 0.251050 0
410.00 0.252331 0
410.25 0.251050 0
410.50 0.251050 0
410.75 0.251050 0
411.00 0.252331 0
411.25 0.251050 0
411.50 0.251050 0
411.75 0.251050 0
412.00 0.251050 0
412.25 0.251050 0
412.50 0.251050 0
412.75 0.252331 0
413.00 0.252331 0
413.25 0.251050 0
413.50 0.251050 0
413.75 0.252331 0
414.00 0.251050 0
414.25 0.251050 0
414.50 0.251050 0
414.75 0.251050 0
415.00 0.252331 0
415.25 0.251050 0
415.50 0.252331 0
415.75 0.252331 0
416.00 0.252331 0
416.25 0.252331 0
416.50 0.252331 0
416.75 0.251050 0
417.00 0.252331 0
417.25 0.252331 0
417.50 0.252331 0
417.75 0.252331 0
418.00 0.251050 0
418.25 0.253612 0
418.50 0.252331 0
418.75 0.252331 0
419.00 0.252331 1
419.25 0.252331 0
419.50 0.252331 0
419.75 0.252331 0
420.00 0.252331 0
420.25 0.252331 0
420.50 0.252331 0
420.75 0.251050 0
421.00 0.253612 0
421.25 0.252331 0
421.50 0.252331 0
421.75 0.252331 0
422.00 0.252331 0
422.25 0.252331 0
422.50 0.252331 0
422.75 0.252331 0
423.00 0.252331 0
423.25 0.252331 0
423.50 0.252331 0
423.75 0.253612 0
424.00 0.252331 0
424.25 0.253612 0
424.50 0.252331 0
424.75 0.252331 0
425.00 0.252331 0
425.25 0.252331 0
425.50 0.252331 0
425.75 0.252331 0
426.00 0.252331 0
426.25 0.252331 0
426.50 0.252331 0
426.75 0.252331 0
427.00 0.252331 0
427.25 0.252331 0
427.50 0.252331 0
427.75 0.252331 0
428.00 0.252331 0
428.25 0.252331 0
428.50 0.252331 0
428.75 0.252331 0
429.00 0.251050 0
429.25 0.252331 0
429.50 0.252331 0
429.75 0.252331 0
430.00 0.252331 0
430.25 0.252331 0
430.50 0.252331 0
430.75 0.253612 0
431.00 0.252331 0
431.25 0.252331 0
431.50 0.253612 0
431.75 0.252331 0
432.00 0.254893 0
432.25 0.253612 0
432.50 0.253612 0
432.75 0.253612 0
433.00 0.252331 0
433.25 0.252331 0
433.50 0.253612 0
433.75 0.253612 0
434.00 0.253612 0
434.25 0.254893 0
434.50 0.253612 0
434.75 0.256174 0
435.00 0.253612 0
435.25 0.254893 0
435.50 0.253612 0
435.75 0.254893 0
436.00 0.254893 0
436.25 0.254893 0
436.50 0.254893 0
436.75 0.254893 0
437.00 0.254893 0
437.25 0.254893 0
437.50 0.254893 0
437.75 0.254893 0
438.00 0.256174 0
438.25 0.254893 0
438.50 0.254893 0
438.75 0.254893 0
439.00 0.256174 0
439.25 0.254893 0
439.50 0.254893 0
439.75 0.256174 0
440.00 0.254893 0
440.25 0.256174 0
440.50 0.254893 0
440.75 0.256174 0
441.00 0.256174 0
441.25 0.256174 0
441.50 0.254893 0
441.75 0.256174 0
442.00 0.256174 1
442.25 0.256174 0
442.50 0.254893 0
442.75 0.254893 0
443.00 0.257455 0
443.25 0.256174 0
443.50 0.256174 0
443.75 0.256174 0
444.00 0.256174 0
444.25 0.256174 0
444.50 0.256174 0
444.75 0.254893 0
445.00 0.256174 0
445.25 0.256174 0
445.50 0.256174 0
445.75 0.257455 0
446.00 0.254893 0
446.25 0.256174 0
446.50 0.256174 0
446.75 0.256174 0
447.00 0.256174 0
447.25 0.256174 0
447.50 0.256174 0
447.75 0.256174 0
448.00 0.256174 0
448.25 0.256174 0
448.50 0.256174 0
448.75 0.256174 0
449.00 0.256174 0
449.25 0.256174 0
449.50 0.256174 0
449.75 0.256174 0
450.00 0.256174 0
450.25 0.256174 0
450.50 0.256174 0
450.75 0.256174 0
451.00 0.256174 0
451.25 0.257455 0
451.50 0.256174 0
451.75 0.256174 0
452.00 0.256174 0
452.25 0.256174 0
452.50 0.254893 0
452.75 0.256174 0
453.00 0.256174 0
453.25 0.256174 0
453.50 0.256174 0
453.75 0.254893 0
454.00 0.257455 0
454.25 0.256174 0
454.50 0.256174 0
454.75 0.256174 0
455.00 0.256174 0
455.25 0.256174 0
455.50 0.256174 0
455.75 0.256174 0
456.00 0.256174 0
456.25 0.256174 0
456.50 0.256174 0
456.75 0.257455 0
457.00 0.257455 0
457.25 0.257455 0
457.50 0.257455 0
457.75 0.257455 0
458.00 0.256174 0
458.25 0.256174 0
458.50 0.256174 0
458.75 0.256174 0
459.00 0.257455 0
459.25 0.257455 0
459.50 0.258735 0
459.75 0.257455 0
460.00 0.257455 0
460.25 0.257455 0
460.50 0.257455 0
460.75 0.256174 0
461.00 0.257455 0
461.25 0.256174 0
461.50 0.256174 0
461.75 0.257455 0
462.00 0.256174 0
462.25 0.258735 0
462.50 0.257455 0
462.75 0.256174 0
463.00 0.257455 0
463.25 0.257455 0
463.50 0.256174 0
463.75 0.257455 0
464.00 0.256174 0
464.25 0.257455 0
464.50 0.257455 0
464.75 0.256174 0
465.00 0.260016 1
465.25 0.258735 0
465.50 0.258735 0
465.75 0.258735 0
466.00 0.258735 0
466.25 0.257455 0
466.50 0.258735 0
466.75 0.257455 0
467.00 0.257455 0
467.25 0.258735 0
467.50 0.257455 0
467.75 0.260016 0
468.00 0.258735 0
468.25 0.258735 0
468.50 0.258735 0
468.75 0.258735 0
469.00 0.258735 0
469.25 0.258735 0
469.50 0.258735 0
469.75 0.258735 0
470.00 0.258735 0
470.25 0.258735 0
470.50 0.260016 0
470.75 0.260016 0
471.00 0.258735 0
471.25 0.258735 0
471.50 0.260016 0
471.75 0.258735 0
472.00 0.258735 0
472.25 0.258735 0
472.50 0.258735 0
472.75 0.260016 0
473.00 0.258735 0
473.25 0.261297 0
473.50 0.260016 0
473.75 0.260016 0
474.00 0.258735 0
474.25 0.260016 0
474.50 0.258735 0
474.75 0.260016 0
475.00 0.260016 0
475.25 0.258735 0
475.50 0.260016 0
475.75 0.258735 0
476.00 0.261297 0
476.25 0.260016 0
476.50 0.260016 0
476.75 0.260016 0
477.00 0.260016 0
477.25 0.260016 0
477.50 0.260016 0
477.75 0.258735 0
478.00 0.258735 0
478.25 0.262578 0
478.50 0.265140 0
478.75 0.267701 0
479.00 0.268982 0
479.25 0.268982 0
479.50 0.268982 0
479.75 0.270263 0
480.00 0.270263 0
480.25 0.270263 0
480.50 0.270263 0
480.75 0.270263 0
481.00 0.271544 0
481.25 0.271544 0
481.50 0.272825 0
481.75 0.272825 0
482.00 0.272825 0
482.25 0.272825 0
482.50 0.272825 0
482.75 0.272825 0
483.00 0.272825 0
483.25 0.272825 0
483.50 0.272825 0
483.75 0.274106 0
484.00 0.272825 0
484.25 0.275387 0
484.50 0.274106 0
484.75 0.274106 0
485.00 0.274106 0
485.25 0.274106 0
485.50 0.272825 0
485.75 0.274106 0
486.00 0.272825 0
486.25 0.274106 0
486.50 0.274106 0
486.75 0.274106 0
487.00 0.275387 0
487.25 0.274106 0
487.50 0.275387 0
487.75 0.275387 0
488.00 0.274106 0
488.25 0.274106 0
488.50 0.275387 0
488.75 0.274106 0
489.00 0.274106 1
489.25 0.275387 0
489.50 0.275387 0
489.75 0.276668 0
490.00 0.276668 0
490.25 0.275387 0
490.50 0.276668 0
490.75 0.276668 0
491.00 0.275387 0
491.25 0.276668 0
491.50 0.275387 0
491.75 0.275387 0
492.00 0.276668 0
492.25 0.276668 0
492.50 0.276668 0
492.75 0.276668 0
493.00 0.276668 0
493.25 0.277948 0
493.50 0.277948 0
493.75 0.277948 0
494.00 0.277948 0
494.25 0.277948 0
494.50 0.279229 0
494.75 0.277948 0
495.00 0.279229 0
495.25 0.277948 0
495.50 0.277948 0
495.75 0.277948 0
496.00 0.277948 0
496.25 0.277948 0
496.50 0.279229 0
496.75 0.277948 0
497.00 0.279229 0
497.25 0.279229 0
497.50 0.277948 0
497.75 0.279229 0
498.00 0.277948 0
498.25 0.277948 0
498.50 0.279229 0
498.75 0.277948 0
499.00 0.279229 0
499.25 0.279229 0
499.50 0.279229 0
499.75 0.280510 0
500.00 0.280510 0
500.25 0.279229 0
500.50 0.280510 0
500.75 0.279229 0
501.00 0.279229 0
501.25 0.279229 0
501.50 0.279229 0
501.75 0.279229 0
502.00 0.280510 0
502.25 0.279229 0
502.50 0.280510 0
502.75 0.280510 0
503.00 0.280510 0
503.25 0.280510 0
503.50 0.279229 0
503.75 0.280510 0
504.00 0.280510 0
504.25 0.280510 0
504.50 0.280510 0
504.75 0.280510 0
505.00 0.280510 0
505.25 0.280510 0
505.50 0.281791 0
505.75 0.280510 0
506.00 0.281791 0
506.25 0.280510 0
506.50 0.280510 0
506.75 0.281791 0
507.00 0.280510 0
507.25 0.280510 0
507.50 0.281791 0
507.75 0.281791 0
508.00 0.281791 0
508.25 0.281791 0
508.50 0.280510 0
508.75 0.281791 0
509.00 0.280510 0
509.25 0.281791 0
509.50 0.281791 0
509.75 0.281791 0
510.00 0.281791 0
510.25 0.281791 0
510.50 0.281791 0
510.75 0.283072 0
511.00 0.283072 0
511.25 0.281791 0
511.50 0.281791 0
511.75 0.281791 0
512.00 0.281791 1
512.25 0.283072 0
512.50 0.281791 0
512.75 0.281791 0
513.00 0.283072 0
513.25 0.281791 0
513.50 0.281791 0
513.75 0.280510 0
514.00 0.281791 0
514.25 0.281791 0
514.50 0.281791 0
514.75 0.281791 0
515.00 0.281791 0
515.25 0.281791 0
515.50 0.281791 0
515.75 0.281791 0
516.00 0.281791 0
516.25 0.281791 0
516.50 0.280510 0
516.75 0.283072 0
517.00 0.281791 0
517.25 0.284353 0
517.50 0.283072 0
517.75 0.281791 0
518.00 0.283072 0
518.25 0.283072 0
518.50 0.283072 0
518.75 0.283072 0
519.00 0.281791 0
519.25 0.283072 0
519.50 0.283072 0
519.75 0.283072 0
520.00 0.284353 0
520.25 0.283072 0
520.50 0.283072 0
520.75 0.283072 0
521.00 0.283072 0
521.25 0.283072 0
521.50 0.283072 0
521.75 0.283072 0
522.00 0.283072 0
522.25 0.283072 0
522.50 0.283072 0
522.75 0.284353 0
523.00 0.283072 0
523.25 0.283072 0
523.50 0.283072 0
523.75 0.283072 0
524.00 0.283072 0
524.25 0.283072 0
524.50 0.283072 0
524.75 0.281791 0
525.00 0.283072 0
525.25 0.283072 0
525.50 0.284353 0
525.75 0.283072 0
526.00 0.283072 0
526.25 0.283072 0
526.50 0.284353 0
526.75 0.283072 0
527.00 0.283072 0
527.25 0.283072 0
527.50 0.283072 0
527.75 0.284353 0
528.00 0.284353 0
528.25 0.285634 0
528.50 0.284353 0
528.75 0.284353 0
529.00 0.284353 0
529.25 0.284353 0
529.50 0.284353 0
529.75 0.284353 0
530.00 0.284353 0
530.25 0.284353 0
530.50 0.284353 0
530.75 0.284353 0
531.00 0.285634 0
531.25 0.284353 0
531.50 0.285634 0
531.75 0.285634 0
532.00 0.284353 0
532.25 0.284353 0
532.50 0.285634 0
532.75 0.284353 0
533.00 0.284353 0
533.25 0.284353 0
533.50 0.284353 0
533.75 0.285634 0
534.00 0.285634 0
534.25 0.285634 0
534.50 0.285634 0
534.75 0.284353 0
535.00 0.284353 1
535.25 0.285634 0
535.50 0.285634 0
535.75 0.285634 0
536.00 0.285634 0
536.25 0.284353 0
536.50 0.286914 0
536.75 0.285634 0
537.00 0.285634 0
537.25 0.285634 0
537.50 0.285634 0
537.75 0.285634 0
538.00 0.285634 0
538.25 0.285634 0
538.50 0.285634 0
538.75 0.286914 0
539.00 0.285634 0
539.25 0.286914 0
539.50 0.285634 0
539.75 0.286914 0
540.00 0.286914 0
540.25 0.286914 0
540.50 0.285634 0
540.75 0.285634 0
541.00 0.285634 0
541.25 0.285634 0
541.50 0.286914 0
541.75 0.285634 0
542.00 0.285634 0
542.25 0.286914 0
542.50 0.286914 0
542.75 0.286914 0
543.00 0.286914 0
543.25 0.286914 0
543.50 0.286914 0
543.75 0.285634 0
544.00 0.286914 0
544.25 0.286914 0
544.50 0.286914 0
544.75 0.289476 0
545.00 0.289476 0
545.25 0.290757 0
545.50 0.290757 0
545.75 0.290757 0
546.00 0.290757 0
546.25 0.290757 0
546.50 0.290757 0
546.75 0.290757 0
547.00 0.290757 0
547.25 0.290757 0
547.50 0.292038 0
547.75 0.290757 0
548.00 0.290757 0
548.25 0.290757 0
548.50 0.290757 0
548.75 0.290757 0
549.00 0.290757 0
549.25 0.290757 0
549.50 0.290757 0
549.75 0.290757 0
550.00 0.290757 0
550.25 0.292038 0
550.50 0.290757 0
550.75 0.290757 0
551.00 0.290757 0
551.25 0.290757 0
551.50 0.290757 0
551.75 0.290757 0
552.00 0.290757 0
552.25 0.290757 0
552.50 0.292038 0
552.75 0.290757 0
553.00 0.292038 0
553.25 0.292038 0
553.50 0.292038 0
553.75 0.290757 0
554.00 0.292038 0
554.25 0.290757 0
554.50 0.292038 0
554.75 0.290757 0
555.00 0.290757 0
555.25 0.292038 0
555.50 0.290757 0
555.75 0.292038 0
556.00 0.292038 0
556.25 0.292038 0
556.50 0.292038 0
556.75 0.292038 0
557.00 0.290757 0
557.25 0.290757 0
557.50 0.290757 0
557.75 0.290757 0
558.00 0.292038 0
558.25 0.292038 0
558.50 0.293319 0
558.75 0.292038 0
559.00 0.292038 1
559.25 0.292038 0
559.50 0.292038 0
559.75 0.292038 0
560.00 0.292038 0
560.25 0.292038 0
560.50 0.292038 0
560.75 0.292038 0
561.00 0.292038 0
561.25 0.293319 0
561.50 0.292038 0
561.75 0.292038 0
562.00 0.292038 0
562.25 0.292038 0
562.50 0.292038 0
562.75 0.292038 0
563.00 0.292038 0
563.25 0.292038 0
563.50 0.292038 0
563.75 0.292038 0
564.00 0.293319 0
564.25 0.292038 0
564.50 0.292038 0
564.75 0.292038 0
565.00 0.292038 0
565.25 0.292038 0
565.50 0.292038 0
565.75 0.292038 0
566.00 0.290757 0
566.25 0.292038 0
566.50 0.292038 0
566.75 0.294600 0
567.00 0.292038 0
567.25 0.293319 0
567.50 0.293319 0
567.75 0.293319 0
568.00 0.293319 0
568.25 0.293319 0
568.50 0.292038 0
568.75 0.293319 0
569.00 0.293319 0
569.25 0.292038 0
569.50 0.293319 0
569.75 0.293319 0
570.00 0.293319 0
570.25 0.293319 0
570.50 0.293319 0
570.75 0.293319 0
571.00 0.293319 0
571.25 0.293319 0
571.50 0.293319 0
571.75 0.293319 0
572.00 0.293319 0
572.25 0.294600 0
572.50 0.293319 0
572.75 0.293319 0
573.00 0.293319 0
573.25 0.293319 0
573.50 0.293319 0
573.75 0.293319 0
574.00 0.293319 0
574.25 0.292038 0
574.50 0.293319 0
574.75 0.293319 0
575.00 0.294600 0
575.25 0.293319 0
575.50 0.293319 0
575.75 0.293319 0
576.00 0.293319 0
576.25 0.293319 0
576.50 0.293319 0
576.75 0.293319 0
577.00 0.293319 0
577.25 0.294600 0
577.50 0.293319 0
577.75 0.295881 0
578.00 0.294600 0
578.25 0.294600 0
578.50 0.294600 0
578.75 0.294600 0
579.00 0.294600 0
579.25 0.294600 0
579.50 0.294600 0
579.75 0.294600 0
580.00 0.294600 0
580.25 0.294600 0
580.50 0.295881 0
580.75 0.294600 0
581.00 0.294600 0
581.25 0.294600 0
581.50 0.294600 0
581.75 0.294600 0
582.00 0.294600 1
582.25 0.294600 0
582.50 0.294600 0
582.75 0.294600 0
583.00 0.294600 0
583.25 0.295881 0
583.50 0.294600 0
583.75 0.294600 0
584.00 0.294600 0
584.25 0.294600 0
584.50 0.294600 0
584.75 0.294600 0
585.00 0.294600 0
585.25 0.294600 0
585.50 0.294600 0
585.75 0.294600 0
586.00 0.295881 0
586.25 0.294600 0
586.50 0.294600 0
586.75 0.295881 0
587.00 0.294600 0
587.25 0.294600 0
587.50 0.295881 0
587.75 0.294600 0
588.00 0.294600 0
588.25 0.294600 0
588.50 0.294600 0
588.75 0.297161 0
589.00 0.295881 0
589.25 0.295881 0
589.50 0.295881 0
589.75 0.295881 0
590.00 0.295881 0
590.25 0.295881 0
590.50 0.295881 0
590.75 0.294600 0
591.00 0.295881 0
591.25 0.294600 0
591.50 0.297161 0
591.75 0.295881 0
592.00 0.295881 0
592.25 0.295881 0
592.50 0.294600 0
592.75 0.294600 0
593.00 0.295881 0
593.25 0.294600 0
593.50 0.294600 0
593.75 0.294600 0
594.00 0.294600 0
594.25 0.297161 0
594.50 0.295881 0
594.75 0.295881 0
595.00 0.295881 0
595.25 0.294600 0
595.50 0.294600 0
595.75 0.295881 0
596.00 0.294600 0
596.25 0.295881 0
596.50 0.295881 0
596.75 0.295881 0
597.00 0.297161 0
597.25 0.295881 0
597.50 0.295881 0
597.75 0.295881 0
598.00 0.295881 0
598.25 0.295881 0
598.50 0.295881 0
598.75 0.295881 0
599.00 0.295881 0
599.25 0.295881 0
599.50 0.295881 0
599.75 0.297161 0
600.00 0.295881 0
600.25 0.295881 0
600.50 0.295881 0
600.75 0.295881 0
601.00 0.295881 0
601.25 0.295881 0
601.50 0.295881 0
601.75 0.294600 0
602.00 0.295881 0
602.25 0.295881 0
602.50 0.297161 0
602.75 0.295881 0
603.00 0.295881 0
603.25 0.295881 0
603.50 0.295881 0
603.75 0.295881 0
604.00 0.295881 0
604.25 0.294600 0
604.50 0.295881 0
604.75 0.295881 0
605.00 0.295881 1
605.25 0.297161 0
605.50 0.295881 0
605.75 0.297161 0
606.00 0.295881 0
606.25 0.295881 0
606.50 0.295881 0
606.75 0.295881 0
607.00 0.295881 0
607.25 0.295881 0
607.50 0.295881 0
607.75 0.295881 0
608.00 0.297161 0
608.25 0.297161 0
608.50 0.297161 0
608.75 0.295881 0
609.00 0.297161 0
609.25 0.295881 0
609.50 0.297161 0
609.75 0.295881 0
610.00 0.294600 0
610.25 0.297161 0
610.50 0.295881 0
610.75 0.298442 0
611.00 0.297161 0
611.25 0.295881 0
611.50 0.297161 0
611.75 0.297161 0
612.00 0.295881 0
612.25 0.297161 0
612.50 0.295881 0
612.75 0.295881 0
613.00 0.297161 0
613.25 0.295881 0
613.50 0.298442 0
613.75 0.297161 0
614.00 0.297161 0
614.25 0.297161 0
614.50 0.297161 0
614.75 0.295881 0
615.00 0.297161 0
615.25 0.295881 0
615.50 0.295881 0
615.75 0.297161 0
616.00 0.295881 0
616.25 0.298442 0
616.50 0.297161 0
616.75 0.297161 0
617.00 0.297161 0
617.25 0.297161 0
617.50 0.295881 0
617.75 0.297161 0
618.00 0.295881 0
618.25 0.295881 0
618.50 0.297161 0
618.75 0.295881 0
619.00 0.297161 0
619.25 0.297161 0
619.50 0.297161 0
619.75 0.297161 0
620.00 0.297161 0
620.25 0.295881 0
620.50 0.297161 0
620.75 0.295881 0
621.00 0.297161 0
621.25 0.297161 0
621.50 0.295881 0
621.75 0.298442 0
622.00 0.297161 0
622.25 0.297161 0
622.50 0.298442 0
622.75 0.297161 0
623.00 0.297161 0
623.25 0.297161 0
623.50 0.297161 0
623.75 0.297161 0
624.00 0.297161 0
624.25 0.297161 0
624.50 0.298442 0
624.75 0.297161 0
625.00 0.298442 0
625.25 0.298442 0
625.50 0.297161 0
625.75 0.297161 0
626.00 0.297161 0
626.25 0.297161 0
626.50 0.297161 0
626.75 0.297161 0
627.00 0.297161 0
627.25 0.298442 0
627.50 0.297161 0
627.75 0.298442 0
628.00 0.297161 1
628.25 0.297161 0
628.50 0.297161 0
628.75 0.298442 0
629.00 0.298442 0
629.25 0.298442 0
629.50 0.298442 0
629.75 0.298442 0
630.00 0.299723 0
630.25 0.298442 0
630.50 0.298442 0
630.75 0.298442 0
631.00 0.298442 0
631.25 0.297161 0
631.50 0.298442 0
631.75 0.298442 0
632.00 0.298442 0
632.25 0.298442 0
632.50 0.297161 0
632.75 0.299723 0
633.00 0.298442 0
633.25 0.298442 0
633.50 0.298442 0
633.75 0.298442 0
634.00 0.298442 0
634.25 0.298442 0
634.50 0.298442 0
634.75 0.298442 0
635.00 0.298442 0
635.25 0.298442 0
635.50 0.299723 0
635.75 0.298442 0
636.00 0.298442 0
636.25 0.298442 0
636.50 0.298442 0
636.75 0.298442 0
637.00 0.298442 0
637.25 0.298442 0
637.50 0.297161 0
637.75 0.298442 0
638.00 0.298442 0
638.25 0.299723 0
638.50 0.298442 0
638.75 0.298442 0
639.00 0.298442 0
639.25 0.298442 0
639.50 0.298442 0
639.75 0.298442 0
640.00 0.298442 0
640.25 0.298442 0
640.50 0.299723 0
640.75 0.298442 0
641.00 0.301004 0
641.25 0.299723 0
641.50 0.299723 0
641.75 0.299723 0
642.00 0.298442 0
642.25 0.298442 0
642.50 0.298442 0
642.75 0.298442 0
643.00 0.299723 0
643.25 0.298442 0
643.50 0.298442 0
643.75 0.299723 0
644.00 0.299723 0
644.25 0.299723 0
644.50 0.298442 0
644.75 0.299723 0
645.00 0.298442 0
645.25 0.298442 0
645.50 0.298442 0
645.75 0.297161 0
646.00 0.299723 0
646.25 0.298442 0
646.50 0.299723 0
646.75 0.299723 0
647.00 0.298442 0
647.25 0.298442 0
647.50 0.298442 0
647.75 0.298442 0
648.00 0.298442 0
648.25 0.297161 0
648.50 0.298442 0
648.75 0.298442 0
649.00 0.298442 0
649.25 0.301004 0
649.50 0.298442 0
649.75 0.299723 0
650.00 0.299723 0
650.25 0.299723 0
650.50 0.298442 0
650.75 0.298442 0
651.00 0.298442 0
651.25 0.298442 0
651.50 0.299723 0
651.75 0.298442 0
652.00 0.299723 0
652.25 0.299723 0
652.50 0.299723 0
652.75 0.298442 0
653.00 0.299723 0
653.25 0.298442 0
653.50 0.299723 0
653.75 0.299723 0
654.00 0.299723 0
654.25 0.299723 0
654.50 0.299723 0
654.75 0.298442 0
655.00 0.299723 0
655.25 0.299723 0
655.50 0.299723 0
655.75 0.299723 0
656.00 0.299723 0
656.25 0.299723 0
656.50 0.299723 0
656.75 0.299723 0
657.00 0.299723 0
657.25 0.299723 0
657.50 0.299723 0
657.75 0.299723 0
658.00 0.299723 0
658.25 0.299723 0
658.50 0.298442 0
658.75 0.299723 0
659.00 0.299723 0
659.25 0.299723 0
659.50 0.299723 0
659.75 0.298442 0
660.00 0.299723 0
660.25 0.298442 0
660.50 0.298442 0
660.75 0.299723 0
661.00 0.298442 0
661.25 0.299723 0
661.50 0.299723 0
661.75 0.298442 0
662.00 0.299723 0
662.25 0.299723 0
662.50 0.298442 0
662.75 0.299723 0
663.00 0.298442 0
663.25 0.298442 0
663.50 0.299723 0
663.75 0.299723 0
664.00 0.298442 0
664.25 0.299723 0
664.50 0.299723 0
664.75 0.299723 0
665.00 0.298442 0
665.25 0.297161 0
665.50 0.298442 0
665.75 0.294600 0
666.00 0.292038 0
666.25 0.283072 0
666.50 0.283072 0
666.75 0.298442 0
667.00 0.289476 0
667.25 0.299723 0
667.50 0.292038 0
667.75 0.283072 0
668.00 0.281791 0
668.25 0.284353 0
668.50 0.285634 0
668.75 0.285634 0
669.00 0.285634 0
669.25 0.286914 0
669.50 0.285634 0
669.75 0.284353 0
670.00 0.284353 0
670.25 0.284353 0
670.50 0.284353 0
670.75 0.283072 0
671.00 0.281791 0
671.25 0.279229 0
671.50 0.279229 0
671.75 0.279229 0
672.00 0.277948 0
672.25 0.277948 0
672.50 0.279229 0
672.75 0.277948 0
673.00 0.279229 0
673.25 0.277948 0
673.50 0.277948 0
673.75 0.276668 0
674.00 0.277948 0
674.25 0.277948 0
674.50 0.277948 0
674.75 0.276668 0
675.00 0.277948 0
675.25 0.276668 0
675.50 0.276668 0
675.75 0.276668 0
676.00 0.276668 0
676.25 0.277948 0
676.50 0.275387 0
676.75 0.270263 0
677.00 0.267701 0
677.25 0.276668 0
677.50 0.276668 0
677.75 0.276668 0
678.00 0.275387 0
678.25 0.272825 0
678.50 0.270263 0
678.75 0.267701 0
679.00 0.265140 0
679.25 0.262578 0
679.50 0.263859 0
679.75 0.262578 0
680.00 0.263859 0
680.25 0.263859 0
680.50 0.263859 0
680.75 0.262578 0
681.00 0.263859 0
681.25 0.262578 0
681.50 0.263859 0
681.75 0.267701 0
682.00 0.266421 0
682.25 0.266421 0
682.50 0.266421 0
682.75 0.265140 0
683.00 0.266421 0
683.25 0.266421 0
683.50 0.265140 0
683.75 0.266421 0
684.00 0.265140 0
684.25 0.265140 0
684.50 0.266421 0
684.75 0.265140 0
685.00 0.266421 0
685.25 0.265140 0
685.50 0.266421 0
685.75 0.266421 0
686.00 0.266421 0
686.25 0.265140 0
686.50 0.265140 0
686.75 0.263859 0
687.00 0.265140 0
687.25 0.266421 0
687.50 0.266421 0
687.75 0.267701 0
688.00 0.267701 0
688.25 0.266421 0
688.50 0.265140 0
688.75 0.265140 0
689.00 0.263859 0
689.25 0.265140 0
689.50 0.263859 0
689.75 0.263859 0
690.00 0.265140 0
690.25 0.263859 0
690.50 0.263859 0
690.75 0.263859 0
691.00 0.265140 0
691.25 0.263859 0
691.50 0.263859 0
691.75 0.262578 0
692.00 0.263859 0
692.25 0.262578 0
692.50 0.262578 0
692.75 0.263859 0
693.00 0.262578 0
