0.00 0.398617 0
0.25 0.396055 0
0.50 0.396055 0
0.75 0.394774 0
1.00 0.397336 0
1.25 0.401179 0
1.50 0.402459 0
1.75 0.407583 0
2.00 0.402459 0
2.25 0.402459 0
2.50 0.403740 0
2.75 0.403740 0
3.00 0.403740 0
3.25 0.406302 0
3.50 0.403740 0
3.75 0.403740 0
4.00 0.401179 0
4.25 0.383246 0
4.50 0.405021 0
4.75 0.406302 0
5.00 0.397336 0
5.25 0.394774 0
5.50 0.405021 0
5.75 0.417830 0
6.00 0.419111 0
6.25 0.420392 0
6.50 0.416549 0
6.75 0.412706 0
7.00 0.408864 0
7.25 0.407583 0
7.50 0.406302 0
7.75 0.406302 0
8.00 0.405021 0
8.25 0.405021 0
8.50 0.405021 0
8.75 0.402459 0
9.00 0.403740 0
9.25 0.405021 0
9.50 0.401179 0
9.75 0.383246 0
10.00 0.387089 0
10.25 0.383246 0
10.50 0.381966 0
10.75 0.380685 0
11.00 0.378123 0
11.25 0.374280 0
11.50 0.374280 0
11.75 0.375561 0
12.00 0.375561 0
12.25 0.378123 0
12.50 0.378123 0
12.75 0.378123 0
13.00 0.376842 0
13.25 0.378123 0
13.50 0.378123 0
13.75 0.376842 0
14.00 0.378123 0
14.25 0.383246 0
14.50 0.387089 0
14.75 0.389651 0
15.00 0.392213 0
15.25 0.396055 0
15.50 0.398617 0
15.75 0.398617 0
16.00 0.402459 0
16.25 0.399898 0
16.50 0.398617 0
16.75 0.397336 0
17.00 0.393493 0
17.25 0.392213 0
17.50 0.392213 0
17.75 0.390932 0
18.00 0.387089 0
18.25 0.389651 0
18.50 0.385808 0
18.75 0.385808 0
19.00 0.384527 0
19.25 0.383246 0
19.50 0.380685 0
19.75 0.384527 0
20.00 0.384527 0
20.25 0.392213 0
20.50 0.397336 0
20.75 0.401179 0
21.00 0.401179 0
21.25 0.403740 0
21.50 0.405021 0
21.75 0.403740 0
22.00 0.399898 0
22.25 0.401179 0
22.50 0.401179 0
22.75 0.402459 0
23.00 0.399898 0
23.25 0.405021 0
23.50 0.406302 0
23.75 0.410145 0
24.00 0.411426 0
24.25 0.415268 0
24.50 0.417830 0
24.75 0.420392 0
25.00 0.422953 0
25.25 0.420392 0
25.50 0.421672 0
25.75 0.422953 0
26.00 0.421672 0
26.25 0.421672 0
26.50 0.421672 0
26.75 0.416549 0
27.00 0.417830 0
27.25 0.413987 0
27.50 0.412706 0
27.75 0.410145 0
28.00 0.406302 0
28.25 0.402459 0
28.50 0.402459 0
28.75 0.401179 0
29.00 0.397336 0
29.25 0.397336 0
29.50 0.396055 0
29.75 0.392213 0
30.00 0.390932 0
30.25 0.393493 0
30.50 0.398617 0
30.75 0.411426 0
31.00 0.421672 0
31.25 0.430639 0
31.50 0.435762 0
31.75 0.440885 0
32.00 0.442166 0
32.25 0.444728 0
32.50 0.444728 0
32.75 0.449852 0
33.00 0.453694 0
33.25 0.456256 0
33.50 0.457537 0
33.75 0.453694 0
34.00 0.457537 0
34.25 0.458818 0
34.50 0.456256 0
34.75 0.457537 0
35.00 0.452413 0
35.25 0.452413 0
35.50 0.447290 0
35.75 0.443447 0
36.00 0.439605 0
36.25 0.438324 0
36.50 0.437043 0
36.75 0.442166 0
37.00 0.449852 0
37.25 0.456256 0
37.50 0.461379 0
37.75 0.466503 0
38.00 0.469065 0
38.25 0.474188 0
38.50 0.471626 0
38.75 0.474188 0
39.00 0.475469 1
39.25 0.476750 0
39.50 0.480592 0
39.75 0.485716 0
40.00 0.492120 0
40.25 0.497244 0
40.50 0.507491 0
40.75 0.510052 0
41.00 0.506210 0
41.25 0.504929 0
41.50 0.503648 0
41.75 0.501086 0
42.00 0.495963 0
42.25 0.490839 0
42.50 0.486997 0
42.75 0.483154 0
43.00 0.483154 0
43.25 0.476750 0
43.50 0.479312 0
43.75 0.474188 0
44.00 0.472907 0
44.25 0.471626 0
44.50 0.471626 0
44.75 0.469065 0
45.00 0.469065 0
45.25 0.469065 0
45.50 0.467784 0
45.75 0.471626 0
46.00 0.474188 0
46.25 0.476750 0
46.50 0.476750 0
46.75 0.478031 0
47.00 0.475469 0
47.25 0.475469 0
47.50 0.475469 0
47.75 0.474188 0
48.00 0.470345 0
48.25 0.470345 0
48.50 0.470345 0
48.75 0.467784 0
49.00 0.467784 0
49.25 0.466503 0
49.50 0.471626 0
49.75 0.471626 0
50.00 0.472907 0
50.25 0.475469 0
50.50 0.479312 0
50.75 0.478031 0
51.00 0.478031 0
51.25 0.476750 0
51.50 0.475469 0
51.75 0.474188 0
52.00 0.475469 0
52.25 0.471626 0
52.50 0.471626 0
52.75 0.474188 0
53.00 0.472907 0
53.25 0.475469 0
53.50 0.474188 0
53.75 0.471626 0
54.00 0.470345 0
54.25 0.476750 0
54.50 0.474188 0
54.75 0.471626 0
55.00 0.469065 0
55.25 0.470345 0
55.50 0.469065 0
55.75 0.470345 0
56.00 0.472907 0
56.25 0.474188 0
56.50 0.479312 0
56.75 0.479312 0
57.00 0.478031 0
57.25 0.479312 0
57.50 0.478031 0
57.75 0.476750 0
58.00 0.476750 0
58.25 0.478031 0
58.50 0.481873 0
58.75 0.484435 0
59.00 0.483154 0
59.25 0.486997 0
59.50 0.490839 0
59.75 0.488278 0
60.00 0.489558 0
60.25 0.486997 0
60.50 0.481873 0
60.75 0.486997 0
61.00 0.495963 1
61.25 0.503648 0
61.50 0.511333 0
61.75 0.517738 0
62.00 0.519018 0
62.25 0.521580 0
62.50 0.521580 0
62.75 0.524142 0
63.00 0.522861 0
63.25 0.521580 0
63.50 0.522861 0
63.75 0.522861 0
64.00 0.522861 0
64.25 0.522861 0
64.50 0.522861 0
64.75 0.521580 0
65.00 0.521580 0
65.25 0.520299 0
65.50 0.520299 0
65.75 0.519018 0
66.00 0.515176 0
66.25 0.515176 0
66.50 0.512614 0
66.75 0.511333 0
67.00 0.512614 0
67.25 0.511333 0
67.50 0.507491 0
67.75 0.504929 0
68.00 0.503648 0
68.25 0.502367 0
68.50 0.504929 0
68.75 0.504929 0
69.00 0.504929 0
69.25 0.504929 0
69.50 0.502367 0
69.75 0.503648 0
70.00 0.504929 0
70.25 0.507491 0
70.50 0.510052 0
70.75 0.510052 0
71.00 0.517738 0
71.25 0.517738 0
71.50 0.516457 0
71.75 0.519018 0
72.00 0.519018 0
72.25 0.520299 0
72.50 0.522861 0
72.75 0.522861 0
73.00 0.522861 0
73.25 0.525423 0
73.50 0.524142 0
73.75 0.526704 0
74.00 0.497244 0
74.25 0.519018 0
74.50 0.552321 0
74.75 0.561287 0
75.00 0.560006 0
75.25 0.561287 0
75.50 0.560006 0
75.75 0.562568 0
76.00 0.565130 0
76.25 0.570253 0
76.50 0.576658 0
76.75 0.577938 0
77.00 0.566411 0
77.25 0.574096 0
77.50 0.594590 0
77.75 0.594590 0
78.00 0.590747 0
78.25 0.593309 0
78.50 0.584343 0
78.75 0.571534 0
79.00 0.551040 0
79.25 0.540793 0
79.50 0.557445 0
79.75 0.556164 0
80.00 0.606117 0
80.25 0.620207 0
80.50 0.618926 0
80.75 0.617645 0
81.00 0.598432 0
81.25 0.592028 0
81.50 0.583062 0
81.75 0.583062 0
82.00 0.579219 0
82.25 0.567691 0
82.50 0.561287 0
82.75 0.560006 0
83.00 0.562568 0
83.25 0.571534 0
83.50 0.586904 0
83.75 0.588185 0
84.00 0.588185 0
84.25 0.588185 0
84.50 0.584343 0
84.75 0.590747 0
85.00 0.598432 1
85.25 0.599713 0
85.50 0.599713 0
85.75 0.592028 0
86.00 0.586904 0
86.25 0.584343 0
86.50 0.586904 0
86.75 0.588185 0
87.00 0.590747 0
87.25 0.590747 0
87.50 0.590747 0
87.75 0.589466 0
88.00 0.590747 0
88.25 0.590747 0
88.50 0.586904 0
88.75 0.584343 0
89.00 0.581781 0
89.25 0.577938 0
89.50 0.577938 0
89.75 0.579219 0
90.00 0.575377 0
90.25 0.575377 0
90.50 0.574096 0
90.75 0.570253 0
91.00 0.571534 0
91.25 0.566411 0
91.50 0.563849 0
91.75 0.561287 0
92.00 0.560006 0
92.25 0.558725 0
92.50 0.557445 0
92.75 0.556164 0
93.00 0.556164 0
93.25 0.557445 0
93.50 0.554883 0
93.75 0.553602 0
94.00 0.551040 0
94.25 0.549759 0
94.50 0.551040 0
94.75 0.552321 0
95.00 0.558725 0
95.25 0.576658 0
95.50 0.593309 0
95.75 0.593309 0
96.00 0.592028 0
96.25 0.593309 0
96.50 0.602275 0
96.75 0.612522 0
97.00 0.626611 0
97.25 0.612522 0
97.50 0.612522 0
97.75 0.622769 0
98.00 0.621488 0
98.25 0.612522 0
98.50 0.612522 0
98.75 0.608679 0
99.00 0.613803 0
99.25 0.622769 0
99.50 0.615084 0
99.75 0.602275 0
100.00 0.598432 0
100.25 0.595871 0
100.50 0.593309 0
100.75 0.595871 0
101.00 0.592028 0
101.25 0.588185 0
101.50 0.592028 0
101.75 0.590747 0
102.00 0.588185 0
102.25 0.588185 0
102.50 0.583062 0
102.75 0.585624 0
103.00 0.585624 0
103.25 0.581781 0
103.50 0.580500 0
103.75 0.574096 0
104.00 0.570253 0
104.25 0.568972 0
104.50 0.567691 0
104.75 0.565130 0
105.00 0.562568 0
105.25 0.560006 0
105.50 0.558725 0
105.75 0.557445 0
106.00 0.557445 0
106.25 0.558725 0
106.50 0.562568 0
106.75 0.571534 0
107.00 0.574096 0
107.25 0.581781 0
107.50 0.588185 0
107.75 0.594590 0
108.00 0.603556 0
108.25 0.607398 0
108.50 0.592028 0
108.75 0.581781 0
109.00 0.577938 1
109.25 0.552321 0
109.50 0.557445 0
109.75 0.563849 0
110.00 0.571534 0
110.25 0.576658 0
110.50 0.579219 0
110.75 0.579219 0
111.00 0.579219 0
111.25 0.577938 0
111.50 0.579219 0
111.75 0.577938 0
112.00 0.574096 0
112.25 0.575377 0
112.50 0.568972 0
112.75 0.568972 0
113.00 0.567691 0
113.25 0.565130 0
113.50 0.562568 0
113.75 0.560006 0
114.00 0.554883 0
114.25 0.557445 0
114.50 0.557445 0
114.75 0.557445 0
115.00 0.556164 0
115.25 0.556164 0
115.50 0.551040 0
115.75 0.552321 0
116.00 0.548478 0
116.25 0.547198 0
116.50 0.553602 0
116.75 0.572815 0
117.00 0.571534 0
117.25 0.574096 0
117.50 0.570253 0
117.75 0.570253 0
118.00 0.568972 0
118.25 0.570253 0
118.50 0.570253 0
118.75 0.574096 0
119.00 0.571534 0
119.25 0.580500 0
119.50 0.588185 0
119.75 0.586904 0
120.00 0.584343 0
120.25 0.581781 0
120.50 0.580500 0
120.75 0.579219 0
121.00 0.579219 0
121.25 0.575377 0
121.50 0.576658 0
121.75 0.575377 0
122.00 0.574096 0
122.25 0.572815 0
122.50 0.571534 0
122.75 0.571534 0
123.00 0.572815 0
123.25 0.574096 0
123.50 0.580500 0
123.75 0.581781 0
124.00 0.583062 0
124.25 0.580500 0
124.50 0.585624 0
124.75 0.575377 0
125.00 0.586904 0
125.25 0.581781 0
125.50 0.575377 0
125.75 0.571534 0
126.00 0.572815 0
126.25 0.574096 0
126.50 0.570253 0
126.75 0.570253 0
127.00 0.572815 0
127.25 0.568972 0
127.50 0.570253 0
127.75 0.570253 0
128.00 0.567691 0
128.25 0.570253 0
128.50 0.570253 0
128.75 0.572815 0
129.00 0.570253 0
129.25 0.570253 0
129.50 0.568972 0
129.75 0.570253 0
130.00 0.566411 0
130.25 0.565130 0
130.50 0.562568 0
130.75 0.566411 0
131.00 0.567691 0
131.25 0.565130 0
131.50 0.562568 0
131.75 0.557445 0
132.00 0.560006 0
132.25 0.558725 0
132.50 0.561287 0
132.75 0.562568 0
133.00 0.567691 1
133.25 0.572815 0
133.50 0.570253 0
133.75 0.572815 0
134.00 0.574096 0
134.25 0.572815 0
134.50 0.568972 0
134.75 0.563849 0
135.00 0.565130 0
135.25 0.566411 0
135.50 0.558725 0
135.75 0.556164 0
136.00 0.558725 0
136.25 0.557445 0
136.50 0.557445 0
136.75 0.556164 0
137.00 0.552321 0
137.25 0.548478 0
137.50 0.547198 0
137.75 0.544636 0
138.00 0.543355 0
138.25 0.543355 0
138.50 0.540793 0
138.75 0.539512 0
139.00 0.540793 0
139.25 0.540793 0
139.50 0.539512 0
139.75 0.543355 0
140.00 0.539512 0
140.25 0.539512 0
140.50 0.540793 0
140.75 0.538231 0
141.00 0.547198 0
141.25 0.571534 0
141.50 0.566411 0
141.75 0.562568 0
142.00 0.570253 0
142.25 0.568972 0
142.50 0.571534 0
142.75 0.572815 0
143.00 0.572815 0
143.25 0.579219 0
143.50 0.592028 0
143.75 0.594590 0
144.00 0.603556 0
144.25 0.603556 0
144.50 0.603556 0
144.75 0.604837 0
145.00 0.607398 0
145.25 0.607398 0
145.50 0.611241 0
145.75 0.616364 0
146.00 0.613803 0
146.25 0.611241 0
146.50 0.609960 0
146.75 0.612522 0
147.00 0.615084 0
147.25 0.613803 0
147.50 0.611241 0
147.75 0.609960 0
148.00 0.612522 0
148.25 0.608679 0
148.50 0.608679 0
148.75 0.612522 0
149.00 0.606117 0
149.25 0.607398 0
149.50 0.617645 0
149.75 0.617645 0
150.00 0.613803 0
150.25 0.617645 0
150.50 0.626611 0
150.75 0.634297 0
151.00 0.634297 0
151.25 0.631735 0
151.50 0.631735 0
151.75 0.631735 0
152.00 0.634297 0
152.25 0.634297 0
152.50 0.631735 0
152.75 0.630454 0
153.00 0.627892 0
153.25 0.624050 0
153.50 0.624050 0
153.75 0.620207 0
154.00 0.617645 0
154.25 0.615084 0
154.50 0.615084 0
154.75 0.613803 0
155.00 0.612522 1
155.25 0.608679 0
155.50 0.608679 0
155.75 0.606117 0
156.00 0.608679 0
156.25 0.607398 0
156.50 0.607398 0
156.75 0.606117 0
157.00 0.603556 0
157.25 0.604837 0
157.50 0.602275 0
157.75 0.603556 0
158.00 0.602275 0
158.25 0.602275 0
158.50 0.600994 0
158.75 0.603556 0
159.00 0.608679 0
159.25 0.612522 0
159.50 0.626611 0
159.75 0.639420 0
160.00 0.648386 0
160.25 0.652229 0
160.50 0.654791 0
160.75 0.656071 0
161.00 0.657352 0
161.25 0.656071 0
161.50 0.649667 0
161.75 0.644544 0
162.00 0.641982 0
162.25 0.638139 0
162.50 0.635577 0
162.75 0.633016 0
163.00 0.631735 0
163.25 0.634297 0
163.50 0.639420 0
163.75 0.638139 0
164.00 0.635577 0
164.25 0.631735 0
164.50 0.633016 0
164.75 0.634297 0
165.00 0.634297 0
165.25 0.636858 0
165.50 0.631735 0
165.75 0.636858 0
166.00 0.649667 0
166.25 0.656071 0
166.50 0.657352 0
166.75 0.658633 0
167.00 0.665037 0
167.25 0.680408 0
167.50 0.680408 0
167.75 0.682970 0
168.00 0.682970 0
168.25 0.681689 0
168.50 0.682970 0
168.75 0.674004 0
169.00 0.672723 0
169.25 0.676565 0
169.50 0.675284 0
169.75 0.668880 0
170.00 0.666318 0
170.25 0.659914 0
170.50 0.661195 0
170.75 0.659914 0
171.00 0.657352 0
171.25 0.653510 0
171.50 0.649667 0
171.75 0.650948 0
172.00 0.648386 0
172.25 0.647105 0
172.50 0.645824 0
172.75 0.644544 0
173.00 0.644544 0
173.25 0.641982 0
173.50 0.640701 0
173.75 0.640701 0
174.00 0.638139 0
174.25 0.640701 0
174.50 0.638139 0
174.75 0.640701 0
175.00 0.644544 0
175.25 0.647105 0
175.50 0.658633 0
175.75 0.663757 0
176.00 0.671442 0
176.25 0.670161 0
176.50 0.670161 0
176.75 0.672723 0
177.00 0.671442 0
177.25 0.668880 0
177.50 0.666318 0
177.75 0.672723 0
178.00 0.666318 0
178.25 0.666318 0
178.50 0.665037 0
178.75 0.657352 0
179.00 0.661195 0
179.25 0.662476 0
179.50 0.663757 0
179.75 0.665037 0
180.00 0.663757 1
180.25 0.661195 0
180.50 0.662476 0
180.75 0.661195 0
181.00 0.658633 0
181.25 0.656071 0
181.50 0.647105 0
181.75 0.640701 0
182.00 0.634297 0
182.25 0.634297 0
182.50 0.636858 0
182.75 0.633016 0
183.00 0.627892 0
183.25 0.624050 0
183.50 0.615084 0
183.75 0.613803 0
184.00 0.608679 0
184.25 0.606117 0
184.50 0.603556 0
184.75 0.600994 0
185.00 0.595871 0
185.25 0.594590 0
185.50 0.590747 0
185.75 0.590747 0
186.00 0.590747 0
186.25 0.586904 0
186.50 0.585624 0
186.75 0.584343 0
187.00 0.584343 0
187.25 0.581781 0
187.50 0.579219 0
187.75 0.581781 0
188.00 0.583062 0
188.25 0.583062 0
188.50 0.584343 0
188.75 0.586904 0
189.00 0.589466 0
189.25 0.595871 0
189.50 0.599713 0
189.75 0.599713 0
190.00 0.602275 0
190.25 0.603556 0
190.50 0.603556 0
190.75 0.603556 0
191.00 0.599713 0
191.25 0.598432 0
191.50 0.598432 0
191.75 0.595871 0
192.00 0.595871 0
192.25 0.597151 0
192.50 0.597151 0
192.75 0.594590 0
193.00 0.597151 0
193.25 0.593309 0
193.50 0.593309 0
193.75 0.593309 0
194.00 0.593309 0
194.25 0.594590 0
194.50 0.594590 0
194.75 0.593309 0
195.00 0.594590 0
195.25 0.597151 0
195.50 0.598432 0
195.75 0.604837 0
196.00 0.606117 0
196.25 0.602275 0
196.50 0.597151 0
196.75 0.598432 0
197.00 0.599713 0
197.25 0.598432 0
197.50 0.599713 0
197.75 0.600994 0
198.00 0.606117 0
198.25 0.609960 0
198.50 0.611241 0
198.75 0.612522 0
199.00 0.612522 0
199.25 0.609960 0
199.50 0.607398 0
199.75 0.607398 0
200.00 0.603556 0
200.25 0.600994 0
200.50 0.602275 0
200.75 0.598432 0
201.00 0.597151 0
201.25 0.593309 0
201.50 0.589466 0
201.75 0.588185 0
202.00 0.585624 1
202.25 0.584343 0
202.50 0.583062 0
202.75 0.581781 0
203.00 0.584343 0
203.25 0.583062 0
203.50 0.583062 0
203.75 0.580500 0
204.00 0.579219 0
204.25 0.580500 0
204.50 0.579219 0
204.75 0.579219 0
205.00 0.575377 0
205.25 0.574096 0
205.50 0.570253 0
205.75 0.568972 0
206.00 0.566411 0
206.25 0.567691 0
206.50 0.565130 0
206.75 0.565130 0
207.00 0.563849 0
207.25 0.562568 0
207.50 0.561287 0
207.75 0.560006 0
208.00 0.560006 0
208.25 0.560006 0
208.50 0.560006 0
208.75 0.560006 0
209.00 0.558725 0
209.25 0.556164 0
209.50 0.556164 0
209.75 0.554883 0
210.00 0.553602 0
210.25 0.554883 0
210.50 0.556164 0
210.75 0.556164 0
211.00 0.557445 0
211.25 0.561287 0
211.50 0.563849 0
211.75 0.566411 0
212.00 0.566411 0
212.25 0.571534 0
212.50 0.571534 0
212.75 0.571534 0
213.00 0.567691 0
213.25 0.568972 0
213.50 0.567691 0
213.75 0.566411 0
214.00 0.565130 0
214.25 0.562568 0
214.50 0.560006 0
214.75 0.557445 0
215.00 0.556164 0
215.25 0.554883 0
215.50 0.553602 0
215.75 0.551040 0
216.00 0.549759 0
216.25 0.549759 0
216.50 0.548478 0
216.75 0.551040 0
217.00 0.552321 0
217.25 0.552321 0
217.50 0.549759 0
217.75 0.549759 0
218.00 0.549759 0
218.25 0.551040 0
218.50 0.547198 0
218.75 0.549759 0
219.00 0.548478 0
219.25 0.548478 0
219.50 0.552321 0
219.75 0.557445 0
220.00 0.561287 0
220.25 0.566411 0
220.50 0.567691 0
220.75 0.567691 0
221.00 0.566411 0
221.25 0.568972 0
221.50 0.570253 0
221.75 0.575377 0
222.00 0.577938 0
222.25 0.579219 0
222.50 0.583062 0
222.75 0.584343 0
223.00 0.583062 0
223.25 0.579219 0
223.50 0.577938 0
223.75 0.575377 0
224.00 0.571534 0
224.25 0.566411 0
224.50 0.563849 0
224.75 0.562568 0
225.00 0.561287 1
225.25 0.558725 0
225.50 0.558725 0
225.75 0.557445 0
226.00 0.558725 0
226.25 0.556164 0
226.50 0.556164 0
226.75 0.557445 0
227.00 0.556164 0
227.25 0.558725 0
227.50 0.557445 0
227.75 0.557445 0
228.00 0.557445 0
228.25 0.556164 0
228.50 0.553602 0
228.75 0.553602 0
229.00 0.551040 0
229.25 0.552321 0
229.50 0.551040 0
229.75 0.552321 0
230.00 0.551040 0
230.25 0.553602 0
230.50 0.556164 0
230.75 0.553602 0
231.00 0.551040 0
231.25 0.552321 0
231.50 0.552321 0
231.75 0.554883 0
232.00 0.561287 0
232.25 0.571534 0
232.50 0.579219 0
232.75 0.585624 0
233.00 0.586904 0
233.25 0.585624 0
233.50 0.581781 0
233.75 0.577938 0
234.00 0.574096 0
234.25 0.571534 0
234.50 0.563849 0
234.75 0.560006 0
235.00 0.556164 0
235.25 0.552321 0
235.50 0.551040 0
235.75 0.549759 0
236.00 0.548478 0
236.25 0.547198 0
236.50 0.545917 0
236.75 0.545917 0
237.00 0.544636 0
237.25 0.543355 0
237.50 0.543355 0
237.75 0.540793 0
238.00 0.544636 0
238.25 0.547198 0
238.50 0.547198 0
238.75 0.547198 0
239.00 0.548478 0
239.25 0.549759 0
239.50 0.548478 0
239.75 0.545917 0
240.00 0.547198 0
240.25 0.549759 0
240.50 0.547198 0
240.75 0.552321 0
241.00 0.552321 0
241.25 0.551040 0
241.50 0.554883 0
241.75 0.554883 0
242.00 0.561287 0
242.25 0.567691 0
242.50 0.571534 0
242.75 0.566411 0
243.00 0.574096 0
243.25 0.568972 0
243.50 0.574096 0
243.75 0.585624 0
244.00 0.592028 0
244.25 0.600994 0
244.50 0.604837 0
244.75 0.608679 0
245.00 0.611241 0
245.25 0.607398 0
245.50 0.611241 0
245.75 0.611241 0
246.00 0.606117 0
246.25 0.604837 0
246.50 0.599713 0
246.75 0.590747 0
247.00 0.585624 0
247.25 0.583062 0
247.50 0.579219 0
247.75 0.572815 0
248.00 0.572815 0
248.25 0.568972 0
248.50 0.567691 0
248.75 0.562568 0
249.00 0.560006 0
249.25 0.557445 0
249.50 0.552321 0
249.75 0.556164 0
250.00 0.553602 0
250.25 0.551040 0
250.50 0.551040 0
250.75 0.551040 0
251.00 0.549759 0
251.25 0.551040 0
251.50 0.551040 0
251.75 0.554883 0
252.00 0.554883 1
252.25 0.556164 0
252.50 0.556164 0
252.75 0.551040 0
253.00 0.551040 0
253.25 0.554883 0
253.50 0.563849 0
253.75 0.575377 0
254.00 0.580500 0
254.25 0.580500 0
254.50 0.580500 0
254.75 0.583062 0
255.00 0.584343 0
255.25 0.588185 0
255.50 0.589466 0
255.75 0.580500 0
256.00 0.581781 0
256.25 0.583062 0
256.50 0.585624 0
256.75 0.590747 0
257.00 0.593309 0
257.25 0.598432 0
257.50 0.602275 0
257.75 0.606117 0
258.00 0.615084 0
258.25 0.613803 0
258.50 0.612522 0
258.75 0.608679 0
259.00 0.602275 0
259.25 0.600994 0
259.50 0.600994 0
259.75 0.595871 0
260.00 0.590747 0
260.25 0.589466 0
260.50 0.588185 0
260.75 0.588185 0
261.00 0.594590 0
261.25 0.603556 0
261.50 0.612522 0
261.75 0.615084 0
262.00 0.618926 0
262.25 0.620207 0
262.50 0.621488 0
262.75 0.624050 0
263.00 0.621488 0
263.25 0.621488 0
263.50 0.616364 0
263.75 0.613803 0
264.00 0.613803 0
264.25 0.607398 0
264.50 0.606117 0
264.75 0.604837 0
265.00 0.602275 0
265.25 0.595871 0
265.50 0.598432 0
265.75 0.588185 0
266.00 0.592028 0
266.25 0.589466 0
266.50 0.590747 0
266.75 0.590747 0
267.00 0.589466 0
267.25 0.586904 0
267.50 0.585624 0
267.75 0.589466 0
268.00 0.590747 0
268.25 0.594590 0
268.50 0.593309 0
268.75 0.599713 0
269.00 0.599713 0
269.25 0.600994 0
269.50 0.599713 0
269.75 0.597151 0
270.00 0.594590 0
270.25 0.595871 0
270.50 0.593309 0
270.75 0.594590 0
271.00 0.593309 0
271.25 0.598432 0
271.50 0.603556 0
271.75 0.604837 0
272.00 0.608679 1
272.25 0.607398 0
272.50 0.607398 0
272.75 0.604837 0
273.00 0.602275 0
273.25 0.599713 0
273.50 0.598432 0
273.75 0.594590 0
274.00 0.592028 0
274.25 0.590747 0
274.50 0.586904 0
274.75 0.583062 0
275.00 0.581781 0
275.25 0.584343 0
275.50 0.579219 0
275.75 0.580500 0
276.00 0.577938 0
276.25 0.577938 0
276.50 0.577938 0
276.75 0.576658 0
277.00 0.577938 0
277.25 0.580500 0
277.50 0.583062 0
277.75 0.583062 0
278.00 0.585624 0
278.25 0.585624 0
278.50 0.586904 0
278.75 0.585624 0
279.00 0.584343 0
279.25 0.579219 0
279.50 0.579219 0
279.75 0.579219 0
280.00 0.577938 0
280.25 0.575377 0
280.50 0.574096 0
280.75 0.571534 0
281.00 0.568972 0
281.25 0.567691 0
281.50 0.568972 0
281.75 0.568972 0
282.00 0.566411 0
282.25 0.572815 0
282.50 0.567691 0
282.75 0.567691 0
283.00 0.570253 0
283.25 0.567691 0
283.50 0.570253 0
283.75 0.572815 0
284.00 0.575377 0
284.25 0.577938 0
284.50 0.579219 0
284.75 0.580500 0
285.00 0.581781 0
285.25 0.579219 0
285.50 0.577938 0
285.75 0.579219 0
286.00 0.575377 0
286.25 0.575377 0
286.50 0.575377 0
286.75 0.571534 0
287.00 0.568972 0
287.25 0.568972 0
287.50 0.568972 0
287.75 0.567691 0
288.00 0.565130 0
288.25 0.565130 0
288.50 0.566411 0
288.75 0.563849 0
289.00 0.562568 0
289.25 0.562568 0
289.50 0.561287 0
289.75 0.563849 0
290.00 0.561287 0
290.25 0.558725 0
290.50 0.562568 0
290.75 0.563849 0
291.00 0.565130 0
291.25 0.565130 0
291.50 0.563849 0
291.75 0.562568 0
292.00 0.563849 0
292.25 0.561287 0
292.50 0.560006 0
292.75 0.561287 0
293.00 0.560006 0
293.25 0.561287 0
293.50 0.558725 0
293.75 0.560006 0
294.00 0.560006 0
294.25 0.558725 0
294.50 0.561287 0
294.75 0.561287 0
295.00 0.560006 1
295.25 0.561287 0
295.50 0.557445 0
295.75 0.557445 0
296.00 0.558725 0
296.25 0.558725 0
296.50 0.560006 0
296.75 0.560006 0
297.00 0.560006 0
297.25 0.560006 0
297.50 0.560006 0
297.75 0.560006 0
298.00 0.557445 0
298.25 0.558725 0
298.50 0.556164 0
298.75 0.558725 0
299.00 0.556164 0
299.25 0.556164 0
299.50 0.558725 0
299.75 0.556164 0
300.00 0.553602 0
300.25 0.553602 0
300.50 0.552321 0
300.75 0.551040 0
301.00 0.552321 0
301.25 0.551040 0
301.50 0.552321 0
301.75 0.551040 0
302.00 0.551040 0
302.25 0.551040 0
302.50 0.547198 0
302.75 0.551040 0
303.00 0.548478 0
303.25 0.547198 0
303.50 0.548478 0
303.75 0.548478 0
304.00 0.551040 0
304.25 0.553602 0
304.50 0.558725 0
304.75 0.568972 0
305.00 0.572815 0
305.25 0.576658 0
305.50 0.579219 0
305.75 0.577938 0
306.00 0.575377 0
306.25 0.572815 0
306.50 0.570253 0
306.75 0.572815 0
307.00 0.577938 0
307.25 0.577938 0
307.50 0.581781 0
307.75 0.581781 0
308.00 0.581781 0
308.25 0.580500 0
308.50 0.580500 0
308.75 0.577938 0
309.00 0.575377 0
309.25 0.576658 0
309.50 0.574096 0
309.75 0.574096 0
310.00 0.572815 0
310.25 0.571534 0
310.50 0.568972 0
310.75 0.567691 0
311.00 0.563849 0
311.25 0.560006 0
311.50 0.561287 0
311.75 0.557445 0
312.00 0.553602 0
312.25 0.553602 0
312.50 0.553602 0
312.75 0.553602 0
313.00 0.556164 0
313.25 0.557445 0
313.50 0.560006 0
313.75 0.563849 0
314.00 0.568972 0
314.25 0.572815 0
314.50 0.576658 0
314.75 0.575377 0
315.00 0.575377 0
315.25 0.572815 0
315.50 0.570253 0
315.75 0.566411 0
316.00 0.566411 0
316.25 0.562568 0
316.50 0.560006 0
316.75 0.561287 0
317.00 0.553602 0
317.25 0.553602 0
317.50 0.553602 0
317.75 0.553602 0
318.00 0.552321 1
318.25 0.551040 0
318.50 0.549759 0
318.75 0.549759 0
319.00 0.549759 0
319.25 0.547198 0
319.50 0.547198 0
319.75 0.547198 0
320.00 0.548478 0
320.25 0.545917 0
320.50 0.547198 0
320.75 0.547198 0
321.00 0.547198 0
321.25 0.547198 0
321.50 0.545917 0
321.75 0.545917 0
322.00 0.545917 0
322.25 0.543355 0
322.50 0.542074 0
322.75 0.542074 0
323.00 0.540793 0
323.25 0.540793 0
323.50 0.539512 0
323.75 0.540793 0
324.00 0.536951 0
324.25 0.535670 0
324.50 0.534389 0
324.75 0.535670 0
325.00 0.536951 0
325.25 0.534389 0
325.50 0.534389 0
325.75 0.533108 0
326.00 0.531827 0
326.25 0.533108 0
326.50 0.531827 0
326.75 0.531827 0
327.00 0.530546 0
327.25 0.529265 0
327.50 0.530546 0
327.75 0.529265 0
328.00 0.529265 0
328.25 0.526704 0
328.50 0.527985 0
328.75 0.526704 0
329.00 0.526704 0
329.25 0.524142 0
329.50 0.526704 0
329.75 0.527985 0
330.00 0.531827 0
330.25 0.533108 0
330.50 0.533108 0
330.75 0.533108 0
331.00 0.539512 0
331.25 0.542074 0
331.50 0.540793 0
331.75 0.542074 0
332.00 0.539512 0
332.25 0.540793 0
332.50 0.536951 0
332.75 0.535670 0
333.00 0.534389 0
333.25 0.531827 0
333.50 0.530546 0
333.75 0.530546 0
334.00 0.530546 0
334.25 0.525423 0
334.50 0.525423 0
334.75 0.526704 0
335.00 0.526704 0
335.25 0.525423 0
335.50 0.526704 0
335.75 0.526704 0
336.00 0.526704 0
336.25 0.525423 0
336.50 0.529265 0
336.75 0.539512 0
337.00 0.549759 0
337.25 0.558725 0
337.50 0.560006 0
337.75 0.566411 0
338.00 0.570253 0
338.25 0.570253 0
338.50 0.566411 0
338.75 0.562568 0
339.00 0.563849 0
339.25 0.560006 0
339.50 0.552321 0
339.75 0.553602 0
340.00 0.556164 0
340.25 0.553602 0
340.50 0.552321 0
340.75 0.552321 0
341.00 0.551040 1
341.25 0.549759 0
341.50 0.547198 0
341.75 0.544636 0
342.00 0.544636 0
342.25 0.540793 0
342.50 0.540793 0
342.75 0.540793 0
343.00 0.542074 0
343.25 0.543355 0
343.50 0.540793 0
343.75 0.540793 0
344.00 0.538231 0
344.25 0.538231 0
344.50 0.535670 0
344.75 0.535670 0
345.00 0.531827 0
345.25 0.533108 0
345.50 0.533108 0
345.75 0.530546 0
346.00 0.531827 0
346.25 0.530546 0
346.50 0.529265 0
346.75 0.526704 0
347.00 0.525423 0
347.25 0.525423 0
347.50 0.525423 0
347.75 0.524142 0
348.00 0.521580 0
348.25 0.524142 0
348.50 0.522861 0
348.75 0.524142 0
349.00 0.522861 0
349.25 0.521580 0
349.50 0.521580 0
349.75 0.520299 0
350.00 0.519018 0
350.25 0.517738 0
350.50 0.517738 0
350.75 0.517738 0
351.00 0.515176 0
351.25 0.517738 0
351.50 0.516457 0
351.75 0.516457 0
352.00 0.519018 0
352.25 0.519018 0
352.50 0.522861 0
352.75 0.538231 0
353.00 0.551040 0
353.25 0.551040 0
353.50 0.553602 0
353.75 0.554883 0
354.00 0.548478 0
354.25 0.553602 0
354.50 0.549759 0
354.75 0.547198 0
355.00 0.547198 0
355.25 0.543355 0
355.50 0.540793 0
355.75 0.540793 0
356.00 0.535670 0
356.25 0.535670 0
356.50 0.531827 0
356.75 0.527985 0
357.00 0.527985 0
357.25 0.526704 0
357.50 0.524142 0
357.75 0.522861 0
358.00 0.519018 0
358.25 0.521580 0
358.50 0.521580 0
358.75 0.521580 0
359.00 0.516457 0
359.25 0.519018 0
359.50 0.517738 0
359.75 0.519018 0
360.00 0.520299 0
360.25 0.521580 0
360.50 0.519018 0
360.75 0.517738 0
361.00 0.515176 0
361.25 0.515176 0
361.50 0.515176 0
361.75 0.516457 0
362.00 0.515176 0
362.25 0.513895 0
362.50 0.516457 0
362.75 0.516457 0
363.00 0.513895 0
363.25 0.513895 0
363.50 0.515176 0
363.75 0.512614 0
364.00 0.513895 0
364.25 0.512614 0
364.50 0.512614 0
364.75 0.512614 0
365.00 0.512614 1
365.25 0.513895 0
365.50 0.512614 0
365.75 0.513895 0
366.00 0.512614 0
366.25 0.511333 0
366.50 0.512614 0
366.75 0.513895 0
367.00 0.511333 0
367.25 0.511333 0
367.50 0.511333 0
367.75 0.511333 0
368.00 0.513895 0
368.25 0.511333 0
368.50 0.512614 0
368.75 0.512614 0
369.00 0.508772 0
369.25 0.508772 0
369.50 0.511333 0
369.75 0.511333 0
370.00 0.512614 0
370.25 0.513895 0
370.50 0.511333 0
370.75 0.512614 0
371.00 0.512614 0
371.25 0.512614 0
371.50 0.511333 0
371.75 0.511333 0
372.00 0.508772 0
372.25 0.508772 0
372.50 0.510052 0
372.75 0.507491 0
373.00 0.507491 0
373.25 0.507491 0
373.50 0.510052 0
373.75 0.511333 0
374.00 0.517738 0
374.25 0.524142 0
374.50 0.529265 0
374.75 0.531827 0
375.00 0.533108 0
375.25 0.533108 0
375.50 0.530546 0
375.75 0.530546 0
376.00 0.526704 0
376.25 0.525423 0
376.50 0.529265 0
376.75 0.525423 0
377.00 0.525423 0
377.25 0.522861 0
377.50 0.520299 0
377.75 0.520299 0
378.00 0.519018 0
378.25 0.517738 0
378.50 0.517738 0
378.75 0.517738 0
379.00 0.520299 0
379.25 0.521580 0
379.50 0.520299 0
379.75 0.522861 0
380.00 0.520299 0
380.25 0.517738 0
380.50 0.517738 0
380.75 0.512614 0
381.00 0.512614 0
381.25 0.512614 0
381.50 0.511333 0
381.75 0.511333 0
382.00 0.510052 0
382.25 0.508772 0
382.50 0.508772 0
382.75 0.506210 0
383.00 0.504929 0
383.25 0.504929 0
383.50 0.501086 0
383.75 0.499805 0
384.00 0.503648 0
384.25 0.502367 0
384.50 0.504929 0
384.75 0.506210 0
385.00 0.503648 0
385.25 0.503648 0
385.50 0.501086 0
385.75 0.501086 0
386.00 0.503648 0
386.25 0.501086 0
386.50 0.499805 0
386.75 0.501086 0
387.00 0.499805 0
387.25 0.503648 0
387.50 0.502367 0
387.75 0.506210 0
388.00 0.506210 1
388.25 0.510052 0
388.50 0.511333 0
388.75 0.512614 0
389.00 0.512614 0
389.25 0.510052 0
389.50 0.511333 0
389.75 0.507491 0
390.00 0.508772 0
390.25 0.504929 0
390.50 0.504929 0
390.75 0.501086 0
391.00 0.502367 0
391.25 0.498525 0
391.50 0.498525 0
391.75 0.495963 0
392.00 0.498525 0
392.25 0.497244 0
392.50 0.494682 0
392.75 0.497244 0
393.00 0.494682 0
393.25 0.495963 0
393.50 0.493401 0
393.75 0.495963 0
394.00 0.494682 0
394.25 0.494682 0
394.50 0.494682 0
394.75 0.495963 0
395.00 0.495963 0
395.25 0.494682 0
395.50 0.498525 0
395.75 0.499805 0
396.00 0.499805 0
396.25 0.503648 0
396.50 0.507491 0
396.75 0.511333 0
397.00 0.513895 0
397.25 0.516457 0
397.50 0.515176 0
397.75 0.516457 0
398.00 0.513895 0
398.25 0.516457 0
398.50 0.513895 0
398.75 0.513895 0
399.00 0.515176 0
399.25 0.515176 0
399.50 0.511333 0
399.75 0.511333 0
400.00 0.508772 0
400.25 0.508772 0
400.50 0.506210 0
400.75 0.506210 0
401.00 0.507491 0
401.25 0.506210 0
401.50 0.504929 0
401.75 0.501086 0
402.00 0.502367 0
402.25 0.498525 0
402.50 0.499805 0
402.75 0.497244 0
403.00 0.494682 0
403.25 0.494682 0
403.50 0.495963 0
403.75 0.497244 0
404.00 0.495963 0
404.25 0.493401 0
404.50 0.493401 0
404.75 0.492120 0
405.00 0.490839 0
405.25 0.490839 0
405.50 0.488278 0
405.75 0.489558 0
406.00 0.490839 0
406.25 0.489558 0
406.50 0.489558 0
406.75 0.489558 0
407.00 0.488278 0
407.25 0.488278 0
407.50 0.489558 0
407.75 0.486997 0
408.00 0.485716 0
408.25 0.485716 0
408.50 0.485716 0
408.75 0.485716 0
409.00 0.486997 0
409.25 0.486997 0
409.50 0.488278 0
409.75 0.485716 0
410.00 0.485716 0
410.25 0.485716 0
410.50 0.483154 0
410.75 0.483154 0
411.00 0.483154 0
411.25 0.484435 0
411.50 0.484435 0
411.75 0.484435 0
412.00 0.485716 1
412.25 0.483154 0
412.50 0.483154 0
412.75 0.481873 0
413.00 0.483154 0
413.25 0.483154 0
413.50 0.481873 0
413.75 0.480592 0
414.00 0.480592 0
414.25 0.483154 0
414.50 0.483154 0
414.75 0.481873 0
415.00 0.483154 0
415.25 0.483154 0
415.50 0.481873 0
415.75 0.480592 0
416.00 0.480592 0
416.25 0.480592 0
416.50 0.479312 0
416.75 0.481873 0
417.00 0.479312 0
417.25 0.478031 0
417.50 0.480592 0
417.75 0.479312 0
418.00 0.479312 0
418.25 0.479312 0
418.50 0.480592 0
418.75 0.478031 0
419.00 0.480592 0
419.25 0.479312 0
419.50 0.479312 0
419.75 0.479312 0
420.00 0.479312 0
420.25 0.478031 0
420.50 0.476750 0
420.75 0.478031 0
421.00 0.476750 0
421.25 0.476750 0
421.50 0.475469 0
421.75 0.474188 0
422.00 0.475469 0
422.25 0.476750 0
422.50 0.472907 0
422.75 0.474188 0
423.00 0.475469 0
423.25 0.476750 0
423.50 0.478031 0
423.75 0.476750 0
424.00 0.478031 0
424.25 0.478031 0
424.50 0.475469 0
424.75 0.478031 0
425.00 0.475469 0
425.25 0.476750 0
425.50 0.476750 0
425.75 0.476750 0
426.00 0.476750 0
426.25 0.476750 0
426.50 0.475469 0
426.75 0.476750 0
427.00 0.478031 0
427.25 0.475469 0
427.50 0.478031 0
427.75 0.476750 0
428.00 0.474188 0
428.25 0.478031 0
428.50 0.476750 0
428.75 0.480592 0
429.00 0.481873 0
429.25 0.485716 0
429.50 0.488278 0
429.75 0.492120 0
430.00 0.490839 0
430.25 0.490839 0
430.50 0.489558 0
430.75 0.489558 0
431.00 0.489558 0
431.25 0.484435 0
431.50 0.484435 0
431.75 0.481873 0
432.00 0.481873 0
432.25 0.480592 0
432.50 0.478031 0
432.75 0.479312 0
433.00 0.478031 0
433.25 0.475469 0
433.50 0.474188 0
433.75 0.475469 0
434.00 0.471626 1
434.25 0.472907 0
434.50 0.471626 0
434.75 0.471626 0
435.00 0.471626 0
435.25 0.471626 0
435.50 0.471626 0
435.75 0.471626 0
436.00 0.472907 0
436.25 0.469065 0
436.50 0.472907 0
436.75 0.469065 0
437.00 0.470345 0
437.25 0.469065 0
437.50 0.467784 0
437.75 0.467784 0
438.00 0.469065 0
438.25 0.467784 0
438.50 0.467784 0
438.75 0.467784 0
439.00 0.469065 0
439.25 0.467784 0
439.50 0.467784 0
439.75 0.466503 0
440.00 0.467784 0
440.25 0.469065 0
440.50 0.467784 0
440.75 0.463941 0
441.00 0.466503 0
441.25 0.465222 0
441.50 0.465222 0
441.75 0.463941 0
442.00 0.463941 0
442.25 0.465222 0
442.50 0.463941 0
442.75 0.462660 0
443.00 0.463941 0
443.25 0.463941 0
443.50 0.463941 0
443.75 0.462660 0
444.00 0.462660 0
444.25 0.461379 0
444.50 0.463941 0
444.75 0.461379 0
445.00 0.463941 0
445.25 0.461379 0
445.50 0.463941 0
445.75 0.465222 0
446.00 0.465222 0
446.25 0.465222 0
446.50 0.469065 0
446.75 0.470345 0
447.00 0.470345 0
447.25 0.470345 0
447.50 0.470345 0
447.75 0.471626 0
448.00 0.471626 0
448.25 0.472907 0
448.50 0.474188 0
448.75 0.476750 0
449.00 0.474188 0
449.25 0.474188 0
449.50 0.472907 0
449.75 0.470345 0
450.00 0.470345 0
450.25 0.469065 0
450.50 0.467784 0
450.75 0.465222 0
451.00 0.463941 0
451.25 0.465222 0
451.50 0.463941 0
451.75 0.458818 0
452.00 0.460099 0
452.25 0.457537 0
452.50 0.457537 0
452.75 0.460099 0
453.00 0.457537 0
453.25 0.458818 0
453.50 0.457537 0
453.75 0.462660 0
454.00 0.461379 0
454.25 0.466503 0
454.50 0.467784 0
454.75 0.470345 0
455.00 0.465222 0
455.25 0.467784 0
455.50 0.469065 0
455.75 0.467784 0
456.00 0.469065 0
456.25 0.462660 0
456.50 0.463941 0
456.75 0.463941 0
457.00 0.462660 0
457.25 0.462660 0
457.50 0.461379 0
457.75 0.461379 0
458.00 0.462660 0
458.25 0.463941 0
458.50 0.465222 0
458.75 0.465222 0
459.00 0.461379 1
459.25 0.460099 0
459.50 0.458818 0
459.75 0.458818 0
460.00 0.454975 0
460.25 0.457537 0
460.50 0.454975 0
460.75 0.454975 0
461.00 0.456256 0
461.25 0.454975 0
461.50 0.454975 0
461.75 0.456256 0
462.00 0.454975 0
462.25 0.451132 0
462.50 0.453694 0
462.75 0.452413 0
463.00 0.453694 0
463.25 0.452413 0
463.50 0.452413 0
463.75 0.456256 0
464.00 0.452413 0
464.25 0.453694 0
464.50 0.454975 0
464.75 0.452413 0
465.00 0.449852 0
465.25 0.448571 0
465.50 0.447290 0
465.75 0.449852 0
466.00 0.448571 0
466.25 0.448571 0
466.50 0.448571 0
466.75 0.448571 0
467.00 0.448571 0
467.25 0.447290 0
467.50 0.446009 0
467.75 0.447290 0
468.00 0.447290 0
468.25 0.446009 0
468.50 0.448571 0
468.75 0.446009 0
469.00 0.448571 0
469.25 0.449852 0
469.50 0.451132 0
469.75 0.454975 0
470.00 0.457537 0
470.25 0.461379 0
470.50 0.461379 0
470.75 0.460099 0
471.00 0.458818 0
471.25 0.458818 0
471.50 0.454975 0
471.75 0.454975 0
472.00 0.456256 0
472.25 0.451132 0
472.50 0.452413 0
472.75 0.451132 0
473.00 0.451132 0
473.25 0.449852 0
473.50 0.448571 0
473.75 0.447290 0
474.00 0.451132 0
474.25 0.449852 0
474.50 0.449852 0
474.75 0.451132 0
475.00 0.452413 0
475.25 0.453694 0
475.50 0.451132 0
475.75 0.452413 0
476.00 0.451132 0
476.25 0.448571 0
476.50 0.448571 0
476.75 0.446009 0
477.00 0.442166 0
477.25 0.443447 0
477.50 0.444728 0
477.75 0.440885 0
478.00 0.443447 0
478.25 0.442166 0
478.50 0.442166 0
478.75 0.440885 0
479.00 0.440885 0
479.25 0.440885 0
479.50 0.440885 0
479.75 0.439605 0
480.00 0.440885 0
480.25 0.440885 0
480.50 0.439605 0
480.75 0.442166 0
481.00 0.439605 1
481.25 0.440885 0
481.50 0.439605 0
481.75 0.439605 0
482.00 0.439605 0
482.25 0.438324 0
482.50 0.439605 0
482.75 0.439605 0
483.00 0.440885 0
483.25 0.438324 0
483.50 0.442166 0
483.75 0.439605 0
484.00 0.439605 0
484.25 0.439605 0
484.50 0.439605 0
484.75 0.438324 0
485.00 0.438324 0
485.25 0.437043 0
485.50 0.435762 0
485.75 0.438324 0
486.00 0.438324 0
486.25 0.438324 0
486.50 0.437043 0
486.75 0.437043 0
487.00 0.435762 0
487.25 0.435762 0
487.50 0.433200 0
487.75 0.435762 0
488.00 0.434481 0
488.25 0.433200 0
488.50 0.435762 0
488.75 0.434481 0
489.00 0.437043 0
489.25 0.434481 0
489.50 0.437043 0
489.75 0.434481 0
490.00 0.435762 0
490.25 0.433200 0
490.50 0.433200 0
490.75 0.434481 0
491.00 0.433200 0
491.25 0.434481 0
491.50 0.434481 0
491.75 0.437043 0
492.00 0.435762 0
492.25 0.435762 0
492.50 0.434481 0
492.75 0.437043 0
493.00 0.435762 0
493.25 0.438324 0
493.50 0.437043 0
493.75 0.437043 0
494.00 0.438324 0
494.25 0.435762 0
494.50 0.439605 0
494.75 0.437043 0
495.00 0.437043 0
495.25 0.434481 0
495.50 0.435762 0
495.75 0.435762 0
496.00 0.435762 0
496.25 0.433200 0
496.50 0.433200 0
496.75 0.435762 0
497.00 0.434481 0
497.25 0.433200 0
497.50 0.435762 0
497.75 0.434481 0
498.00 0.434481 0
498.25 0.435762 0
498.50 0.434481 0
498.75 0.437043 0
499.00 0.433200 0
499.25 0.435762 0
499.50 0.435762 0
499.75 0.433200 0
500.00 0.438324 0
500.25 0.431919 0
500.50 0.433200 0
500.75 0.431919 0
501.00 0.433200 0
501.25 0.433200 0
501.50 0.431919 0
501.75 0.431919 0
502.00 0.433200 0
502.25 0.433200 0
502.50 0.433200 0
502.75 0.433200 0
503.00 0.433200 0
503.25 0.434481 0
503.50 0.433200 0
503.75 0.437043 0
504.00 0.437043 1
504.25 0.434481 0
504.50 0.435762 0
504.75 0.435762 0
505.00 0.434481 0
505.25 0.435762 0
505.50 0.433200 0
505.75 0.431919 0
506.00 0.434481 0
506.25 0.431919 0
506.50 0.434481 0
506.75 0.433200 0
507.00 0.431919 0
507.25 0.433200 0
507.50 0.433200 0
507.75 0.431919 0
508.00 0.431919 0
508.25 0.429358 0
508.50 0.429358 0
508.75 0.429358 0
509.00 0.430639 0
509.25 0.430639 0
509.50 0.431919 0
509.75 0.430639 0
510.00 0.431919 0
510.25 0.431919 0
510.50 0.430639 0
510.75 0.431919 0
511.00 0.430639 0
511.25 0.429358 0
511.50 0.431919 0
511.75 0.429358 0
512.00 0.430639 0
512.25 0.430639 0
512.50 0.429358 0
512.75 0.429358 0
513.00 0.429358 0
513.25 0.428077 0
513.50 0.429358 0
513.75 0.426796 0
514.00 0.426796 0
514.25 0.428077 0
514.50 0.426796 0
514.75 0.425515 0
515.00 0.428077 0
515.25 0.426796 0
515.50 0.429358 0
515.75 0.428077 0
516.00 0.429358 0
516.25 0.428077 0
516.50 0.426796 0
516.75 0.430639 0
517.00 0.429358 0
517.25 0.429358 0
517.50 0.428077 0
517.75 0.429358 0
518.00 0.425515 0
518.25 0.428077 0
518.50 0.426796 0
518.75 0.425515 0
519.00 0.426796 0
519.25 0.425515 0
519.50 0.428077 0
519.75 0.425515 0
520.00 0.425515 0
520.25 0.425515 0
520.50 0.424234 0
520.75 0.424234 0
521.00 0.425515 0
521.25 0.424234 0
521.50 0.426796 0
521.75 0.425515 0
522.00 0.422953 0
522.25 0.424234 0
522.50 0.425515 0
522.75 0.424234 0
523.00 0.421672 0
523.25 0.422953 0
523.50 0.420392 0
523.75 0.422953 0
524.00 0.421672 0
524.25 0.422953 0
524.50 0.421672 0
524.75 0.424234 0
525.00 0.424234 0
525.25 0.425515 0
525.50 0.430639 0
525.75 0.426796 0
526.00 0.428077 0
526.25 0.430639 0
526.50 0.429358 0
526.75 0.433200 0
527.00 0.434481 1
527.25 0.433200 0
527.50 0.437043 0
527.75 0.435762 0
528.00 0.433200 0
528.25 0.433200 0
528.50 0.431919 0
528.75 0.431919 0
529.00 0.431919 0
529.25 0.431919 0
529.50 0.426796 0
529.75 0.431919 0
530.00 0.429358 0
530.25 0.430639 0
530.50 0.429358 0
530.75 0.426796 0
531.00 0.426796 0
531.25 0.426796 0
531.50 0.426796 0
531.75 0.425515 0
532.00 0.428077 0
532.25 0.426796 0
532.50 0.426796 0
532.75 0.421672 0
533.00 0.425515 0
533.25 0.425515 0
533.50 0.424234 0
533.75 0.422953 0
534.00 0.422953 0
534.25 0.420392 0
534.50 0.422953 0
534.75 0.420392 0
535.00 0.421672 0
535.25 0.421672 0
535.50 0.421672 0
535.75 0.421672 0
536.00 0.420392 0
536.25 0.419111 0
536.50 0.419111 0
536.75 0.419111 0
537.00 0.419111 0
537.25 0.419111 0
537.50 0.417830 0
537.75 0.417830 0
538.00 0.419111 0
538.25 0.421672 0
538.50 0.421672 0
538.75 0.425515 0
539.00 0.431919 0
539.25 0.435762 0
539.50 0.437043 0
539.75 0.433200 0
540.00 0.435762 0
540.25 0.433200 0
540.50 0.437043 0
540.75 0.438324 0
541.00 0.440885 0
541.25 0.443447 0
541.50 0.446009 0
541.75 0.446009 0
542.00 0.444728 0
542.25 0.444728 0
542.50 0.443447 0
542.75 0.438324 0
543.00 0.439605 0
543.25 0.435762 0
543.50 0.433200 0
543.75 0.430639 0
544.00 0.430639 0
544.25 0.428077 0
544.50 0.429358 0
544.75 0.426796 0
545.00 0.426796 0
545.25 0.426796 0
545.50 0.426796 0
545.75 0.425515 0
546.00 0.424234 0
546.25 0.424234 0
546.50 0.425515 0
546.75 0.425515 0
547.00 0.428077 0
547.25 0.430639 0
547.50 0.431919 0
547.75 0.430639 0
548.00 0.431919 0
548.25 0.431919 0
548.50 0.430639 0
548.75 0.433200 0
549.00 0.429358 0
549.25 0.429358 0
549.50 0.425515 0
549.75 0.424234 0
550.00 0.424234 0
550.25 0.421672 0
550.50 0.420392 0
550.75 0.420392 0
551.00 0.421672 1
551.25 0.421672 0
551.50 0.421672 0
551.75 0.420392 0
552.00 0.421672 0
552.25 0.419111 0
552.50 0.420392 0
552.75 0.420392 0
553.00 0.419111 0
553.25 0.416549 0
553.50 0.420392 0
553.75 0.416549 0
554.00 0.416549 0
554.25 0.417830 0
554.50 0.417830 0
554.75 0.416549 0
555.00 0.413987 0
555.25 0.416549 0
555.50 0.417830 0
555.75 0.416549 0
556.00 0.416549 0
556.25 0.417830 0
556.50 0.419111 0
556.75 0.419111 0
557.00 0.416549 0
557.25 0.417830 0
557.50 0.419111 0
557.75 0.415268 0
558.00 0.419111 0
558.25 0.417830 0
558.50 0.416549 0
558.75 0.417830 0
559.00 0.417830 0
559.25 0.416549 0
559.50 0.416549 0
559.75 0.416549 0
560.00 0.416549 0
560.25 0.416549 0
560.50 0.412706 0
560.75 0.413987 0
561.00 0.413987 0
561.25 0.412706 0
561.50 0.412706 0
561.75 0.412706 0
562.00 0.412706 0
562.25 0.413987 0
562.50 0.413987 0
562.75 0.411426 0
563.00 0.413987 0
563.25 0.410145 0
563.50 0.413987 0
563.75 0.412706 0
564.00 0.410145 0
564.25 0.411426 0
564.50 0.412706 0
564.75 0.411426 0
565.00 0.411426 0
565.25 0.411426 0
565.50 0.411426 0
565.75 0.408864 0
566.00 0.408864 0
566.25 0.408864 0
566.50 0.410145 0
566.75 0.411426 0
567.00 0.408864 0
567.25 0.413987 0
567.50 0.411426 0
567.75 0.413987 0
568.00 0.412706 0
568.25 0.411426 0
568.50 0.410145 0
568.75 0.410145 0
569.00 0.410145 0
569.25 0.410145 0
569.50 0.410145 0
569.75 0.410145 0
570.00 0.411426 0
570.25 0.411426 0
570.50 0.411426 0
570.75 0.412706 0
571.00 0.408864 0
571.25 0.412706 0
571.50 0.410145 0
571.75 0.408864 0
572.00 0.410145 0
572.25 0.408864 0
572.50 0.410145 0
572.75 0.411426 0
573.00 0.408864 0
573.25 0.408864 0
573.50 0.410145 0
573.75 0.407583 0
574.00 0.407583 1
574.25 0.406302 0
574.50 0.405021 0
574.75 0.408864 0
575.00 0.407583 0
575.25 0.408864 0
575.50 0.408864 0
575.75 0.408864 0
576.00 0.408864 0
576.25 0.410145 0
576.50 0.406302 0
576.75 0.408864 0
577.00 0.408864 0
577.25 0.406302 0
577.50 0.407583 0
577.75 0.408864 0
578.00 0.406302 0
578.25 0.406302 0
578.50 0.406302 0
578.75 0.406302 0
579.00 0.406302 0
579.25 0.406302 0
579.50 0.406302 0
579.75 0.405021 0
580.00 0.403740 0
580.25 0.402459 0
580.50 0.403740 0
580.75 0.402459 0
581.00 0.405021 0
581.25 0.403740 0
581.50 0.406302 0
581.75 0.406302 0
582.00 0.403740 0
582.25 0.405021 0
582.50 0.405021 0
582.75 0.403740 0
583.00 0.405021 0
583.25 0.405021 0
583.50 0.403740 0
583.75 0.406302 0
584.00 0.406302 0
584.25 0.410145 0
584.50 0.413987 0
584.75 0.420392 0
585.00 0.425515 0
585.25 0.426796 0
585.50 0.428077 0
585.75 0.429358 0
586.00 0.421672 0
586.25 0.424234 0
586.50 0.422953 0
586.75 0.421672 0
587.00 0.421672 0
587.25 0.419111 0
587.50 0.417830 0
587.75 0.416549 0
588.00 0.416549 0
588.25 0.415268 0
588.50 0.416549 0
588.75 0.415268 0
589.00 0.413987 0
589.25 0.413987 0
589.50 0.411426 0
589.75 0.411426 0
590.00 0.410145 0
590.25 0.411426 0
590.50 0.410145 0
590.75 0.410145 0
591.00 0.406302 0
591.25 0.407583 0
591.50 0.410145 0
591.75 0.408864 0
592.00 0.410145 0
592.25 0.407583 0
592.50 0.407583 0
592.75 0.410145 0
593.00 0.407583 0
593.25 0.408864 0
593.50 0.406302 0
593.75 0.407583 0
594.00 0.407583 0
594.25 0.403740 0
594.50 0.406302 0
594.75 0.406302 0
595.00 0.402459 0
595.25 0.403740 0
595.50 0.403740 0
595.75 0.402459 0
596.00 0.403740 0
596.25 0.402459 0
596.50 0.405021 0
596.75 0.401179 0
597.00 0.403740 1
597.25 0.402459 0
597.50 0.403740 0
597.75 0.401179 0
598.00 0.399898 0
598.25 0.402459 0
598.50 0.401179 0
598.75 0.402459 0
599.00 0.398617 0
599.25 0.402459 0
599.50 0.399898 0
599.75 0.401179 0
600.00 0.399898 0
600.25 0.401179 0
600.50 0.399898 0
600.75 0.399898 0
601.00 0.398617 0
601.25 0.399898 0
601.50 0.401179 0
601.75 0.402459 0
602.00 0.399898 0
602.25 0.402459 0
602.50 0.401179 0
602.75 0.401179 0
603.00 0.399898 0
603.25 0.399898 0
603.50 0.399898 0
603.75 0.398617 0
604.00 0.399898 0
604.25 0.398617 0
604.50 0.399898 0
604.75 0.398617 0
605.00 0.398617 0
605.25 0.398617 0
605.50 0.397336 0
605.75 0.397336 0
606.00 0.398617 0
606.25 0.399898 0
606.50 0.399898 0
606.75 0.402459 0
607.00 0.401179 0
607.25 0.403740 0
607.50 0.403740 0
607.75 0.403740 0
608.00 0.406302 0
608.25 0.407583 0
608.50 0.407583 0
608.75 0.411426 0
609.00 0.412706 0
609.25 0.416549 0
609.50 0.420392 0
609.75 0.420392 0
610.00 0.421672 0
610.25 0.420392 0
610.50 0.417830 0
610.75 0.415268 0
611.00 0.412706 0
611.25 0.410145 0
611.50 0.410145 0
611.75 0.407583 0
612.00 0.405021 0
612.25 0.406302 0
612.50 0.405021 0
612.75 0.406302 0
613.00 0.403740 0
613.25 0.403740 0
613.50 0.401179 0
613.75 0.401179 0
614.00 0.401179 0
614.25 0.399898 0
614.50 0.402459 0
614.75 0.398617 0
615.00 0.398617 0
615.25 0.397336 0
615.50 0.398617 0
615.75 0.397336 0
616.00 0.397336 0
616.25 0.396055 0
616.50 0.397336 0
616.75 0.397336 0
617.00 0.397336 0
617.25 0.393493 0
617.50 0.393493 0
617.75 0.394774 0
618.00 0.394774 0
618.25 0.394774 0
618.50 0.394774 0
618.75 0.393493 0
619.00 0.393493 0
619.25 0.393493 0
619.50 0.393493 0
619.75 0.393493 0
620.00 0.390932 0
620.25 0.390932 0
620.50 0.394774 0
620.75 0.392213 0
621.00 0.393493 1
621.25 0.392213 0
621.50 0.390932 0
621.75 0.392213 0
622.00 0.390932 0
622.25 0.389651 0
622.50 0.390932 0
622.75 0.389651 0
623.00 0.390932 0
623.25 0.392213 0
623.50 0.393493 0
623.75 0.394774 0
624.00 0.392213 0
624.25 0.393493 0
624.50 0.390932 0
624.75 0.390932 0
625.00 0.388370 0
625.25 0.392213 0
625.50 0.389651 0
625.75 0.389651 0
626.00 0.390932 0
626.25 0.389651 0
626.50 0.392213 0
626.75 0.389651 0
627.00 0.390932 0
627.25 0.389651 0
627.50 0.389651 0
627.75 0.388370 0
628.00 0.388370 0
628.25 0.389651 0
628.50 0.387089 0
628.75 0.389651 0
629.00 0.387089 0
629.25 0.389651 0
629.50 0.389651 0
629.75 0.388370 0
630.00 0.387089 0
630.25 0.388370 0
630.50 0.387089 0
630.75 0.387089 0
631.00 0.384527 0
631.25 0.385808 0
631.50 0.387089 0
631.75 0.385808 0
632.00 0.388370 0
632.25 0.387089 0
632.50 0.385808 0
632.75 0.387089 0
633.00 0.387089 0
633.25 0.388370 0
633.50 0.388370 0
633.75 0.388370 0
634.00 0.389651 0
634.25 0.389651 0
634.50 0.389651 0
634.75 0.393493 0
635.00 0.392213 0
635.25 0.390932 0
635.50 0.388370 0
635.75 0.389651 0
636.00 0.388370 0
636.25 0.388370 0
636.50 0.389651 0
636.75 0.388370 0
637.00 0.387089 0
637.25 0.385808 0
637.50 0.388370 0
637.75 0.384527 0
638.00 0.387089 0
638.25 0.388370 0
638.50 0.385808 0
638.75 0.387089 0
639.00 0.384527 0
639.25 0.384527 0
639.50 0.383246 0
639.75 0.384527 0
640.00 0.384527 0
640.25 0.387089 0
640.50 0.384527 0
640.75 0.384527 0
641.00 0.385808 0
641.25 0.384527 0
641.50 0.383246 0
641.75 0.383246 0
642.00 0.384527 0
642.25 0.383246 0
642.50 0.384527 0
642.75 0.383246 0
643.00 0.385808 0
643.25 0.384527 0
643.50 0.387089 0
643.75 0.385808 0
644.00 0.387089 1
644.25 0.384527 0
644.50 0.387089 0
644.75 0.387089 0
645.00 0.388370 0
645.25 0.392213 0
645.50 0.394774 0
645.75 0.397336 0
646.00 0.397336 0
646.25 0.397336 0
646.50 0.398617 0
646.75 0.397336 0
647.00 0.397336 0
647.25 0.397336 0
647.50 0.393493 0
647.75 0.393493 0
648.00 0.394774 0
648.25 0.392213 0
648.50 0.394774 0
648.75 0.390932 0
649.00 0.392213 0
649.25 0.392213 0
649.50 0.390932 0
649.75 0.389651 0
650.00 0.389651 0
650.25 0.387089 0
650.50 0.387089 0
650.75 0.388370 0
651.00 0.388370 0
651.25 0.389651 0
651.50 0.387089 0
651.75 0.388370 0
652.00 0.387089 0
652.25 0.388370 0
652.50 0.385808 0
652.75 0.385808 0
653.00 0.387089 0
653.25 0.383246 0
653.50 0.385808 0
653.75 0.384527 0
654.00 0.387089 0
654.25 0.384527 0
654.50 0.385808 0
654.75 0.385808 0
655.00 0.387089 0
655.25 0.384527 0
655.50 0.383246 0
655.75 0.383246 0
656.00 0.383246 0
656.25 0.381966 0
656.50 0.383246 0
656.75 0.384527 0
657.00 0.383246 0
657.25 0.381966 0
657.50 0.383246 0
657.75 0.381966 0
658.00 0.379404 0
658.25 0.380685 0
658.50 0.379404 0
658.75 0.378123 0
659.00 0.380685 0
659.25 0.379404 0
659.50 0.379404 0
659.75 0.379404 0
660.00 0.380685 0
660.25 0.378123 0
660.50 0.380685 0
660.75 0.379404 0
661.00 0.379404 0
661.25 0.378123 0
661.50 0.378123 0
661.75 0.379404 0
662.00 0.379404 0
662.25 0.381966 0
662.50 0.379404 0
662.75 0.381966 0
663.00 0.378123 0
663.25 0.380685 0
663.50 0.378123 0
663.75 0.378123 0
664.00 0.379404 0
664.25 0.378123 0
664.50 0.379404 0
664.75 0.376842 0
665.00 0.379404 0
665.25 0.378123 0
665.50 0.375561 0
665.75 0.379404 0
666.00 0.378123 0
666.25 0.375561 0
666.50 0.378123 0
666.75 0.378123 0
667.00 0.378123 1
667.25 0.381966 0
667.50 0.379404 0
667.75 0.381966 0
668.00 0.380685 0
668.25 0.383246 0
668.50 0.383246 0
668.75 0.383246 0
669.00 0.381966 0
669.25 0.381966 0
669.50 0.379404 0
669.75 0.381966 0
670.00 0.379404 0
670.25 0.379404 0
670.50 0.380685 0
670.75 0.380685 0
671.00 0.379404 0
671.25 0.376842 0
671.50 0.379404 0
671.75 0.375561 0
672.00 0.376842 0
672.25 0.378123 0
672.50 0.378123 0
672.75 0.376842 0
673.00 0.375561 0
673.25 0.379404 0
673.50 0.378123 0
673.75 0.376842 0
674.00 0.378123 0
674.25 0.376842 0
674.50 0.376842 0
674.75 0.378123 0
675.00 0.375561 0
675.25 0.376842 0
675.50 0.376842 0
675.75 0.378123 0
676.00 0.378123 0
676.25 0.376842 0
676.50 0.376842 0
676.75 0.376842 0
677.00 0.376842 0
677.25 0.374280 0
677.50 0.376842 0
677.75 0.372999 0
678.00 0.375561 0
678.25 0.374280 0
678.50 0.372999 0
678.75 0.375561 0
679.00 0.374280 0
679.25 0.374280 0
679.50 0.374280 0
679.75 0.372999 0
680.00 0.372999 0
680.25 0.376842 0
680.50 0.375561 0
680.75 0.376842 0
681.00 0.378123 0
681.25 0.378123 0
681.50 0.380685 0
681.75 0.381966 0
682.00 0.381966 0
682.25 0.379404 0
682.50 0.379404 0
682.75 0.379404 0
683.00 0.379404 0
683.25 0.378123 0
683.50 0.376842 0
683.75 0.375561 0
684.00 0.378123 0
684.25 0.376842 0
684.50 0.374280 0
684.75 0.375561 0
685.00 0.375561 0
685.25 0.375561 0
685.50 0.372999 0
685.75 0.375561 0
686.00 0.372999 0
686.25 0.372999 0
686.50 0.374280 0
686.75 0.372999 0
687.00 0.372999 0
687.25 0.371719 0
687.50 0.372999 0
687.75 0.371719 0
688.00 0.371719 0
688.25 0.371719 0
688.50 0.370438 0
688.75 0.370438 0
689.00 0.369157 0
689.25 0.371719 0
689.50 0.370438 0
689.75 0.372999 0
690.00 0.370438 0
690.25 0.370438 0
690.50 0.369157 0
690.75 0.370438 0
691.00 0.367876 0
691.25 0.370438 0
691.50 0.369157 0
691.75 0.367876 0
692.00 0.367876 0
692.25 0.366595 0
692.50 0.370438 0
692.75 0.371719 0
693.00 0.369157 0
693.25 0.369157 0
693.50 0.369157 0
693.75 0.367876 0
694.00 0.369157 0
694.25 0.367876 0
694.50 0.367876 0
694.75 0.369157 0
695.00 0.367876 0
695.25 0.371719 0
695.50 0.371719 0
695.75 0.366595 0
696.00 0.367876 0
696.25 0.369157 0
696.50 0.367876 0
696.75 0.367876 0
697.00 0.367876 0
697.25 0.367876 0
697.50 0.366595 0
697.75 0.366595 0
698.00 0.367876 0
698.25 0.367876 0
698.50 0.369157 0
698.75 0.365314 0
699.00 0.367876 0
699.25 0.365314 0
699.50 0.367876 0
699.75 0.366595 0
700.00 0.365314 0
700.25 0.364033 0
700.50 0.367876 0
700.75 0.369157 0
701.00 0.367876 0
701.25 0.367876 0
701.50 0.366595 0
701.75 0.367876 0
702.00 0.370438 0
702.25 0.370438 0
702.50 0.370438 0
702.75 0.372999 0
703.00 0.378123 0
703.25 0.380685 0
703.50 0.380685 0
703.75 0.378123 0
704.00 0.378123 0
704.25 0.375561 0
704.50 0.376842 0
704.75 0.375561 0
705.00 0.378123 0
705.25 0.387089 0
705.50 0.384527 0
705.75 0.385808 0
706.00 0.383246 0
706.25 0.383246 0
706.50 0.380685 0
706.75 0.381966 0
707.00 0.380685 0
707.25 0.378123 0
707.50 0.379404 0
707.75 0.383246 0
708.00 0.381966 0
708.25 0.383246 0
708.50 0.384527 0
708.75 0.383246 0
709.00 0.384527 0
709.25 0.381966 0
709.50 0.380685 0
709.75 0.378123 0
710.00 0.379404 0
710.25 0.378123 0
710.50 0.378123 0
710.75 0.378123 0
711.00 0.375561 0
711.25 0.376842 0
711.50 0.374280 0
711.75 0.378123 0
712.00 0.372999 0
712.25 0.375561 0
712.50 0.374280 0
712.75 0.372999 0
713.00 0.370438 0
713.25 0.371719 0
713.50 0.371719 0
713.75 0.370438 0
714.00 0.371719 0
714.25 0.371719 0
714.50 0.372999 0
714.75 0.371719 0
715.00 0.371719 0
715.25 0.371719 0
715.50 0.371719 0
715.75 0.371719 0
716.00 0.371719 0
716.25 0.369157 0
716.50 0.369157 0
716.75 0.371719 0
717.00 0.367876 0
717.25 0.371719 0
717.50 0.367876 0
717.75 0.370438 0
718.00 0.367876 0
718.25 0.369157 0
718.50 0.367876 0
718.75 0.369157 0
719.00 0.369157 0
719.25 0.367876 0
719.50 0.369157 0
719.75 0.367876 0
720.00 0.369157 0
720.25 0.369157 0
720.50 0.369157 0
720.75 0.369157 0
721.00 0.370438 0
721.25 0.371719 0
721.50 0.375561 0
721.75 0.375561 0
722.00 0.375561 0
722.25 0.378123 0
722.50 0.378123 0
722.75 0.379404 0
723.00 0.378123 0
723.25 0.376842 0
723.50 0.376842 0
723.75 0.375561 0
724.00 0.372999 0
724.25 0.374280 0
724.50 0.374280 0
724.75 0.369157 0
725.00 0.371719 0
725.25 0.370438 0
725.50 0.371719 0
725.75 0.369157 0
726.00 0.369157 0
726.25 0.367876 0
726.50 0.371719 0
726.75 0.367876 0
727.00 0.366595 0
727.25 0.367876 0
727.50 0.366595 0
727.75 0.370438 0
728.00 0.369157 0
